latitute,longitude,sinr,throughput
50.0006,80.0011,14.07,6037.085
50.0008,80.0012,14.12,6037.132
50.0009,80.0013,14.15,6037.145
50.0011,80.0014,14.2,6037.224
50.0012,80.0015,14.29,6037.24
50.0013,80.0016,14.37,6037.314
50.0014,80.0017,14.43,6037.367
50.0016,80.0019,14.52,6037.442
50.0017,80.0021,14.58,6037.443
50.0019,80.0022,14.63,6037.453
50.002,80.0024,14.66,6037.525
50.0022,80.0026,14.72,6037.535
50.0024,80.0027,14.75,6037.58
50.0026,80.0029,14.77,6037.659
50.0027,80.0031,14.81,6037.718
50.0029,80.0032,14.85,6037.788
50.0031,80.0034,14.93,6037.845
50.0033,80.0035,15,6037.848
50.0035,80.0037,15.08,6037.912
50.0037,80.0038,15.16,6037.965
50.0039,80.004,15.26,6037.994
50.0041,80.0041,15.27,6038.094
50.0043,80.0042,15.33,6038.154
50.0045,80.0044,15.36,6038.188
50.0047,80.0046,15.45,6038.268
50.0048,80.0048,15.54,6038.276
50.0049,80.005,15.62,6038.277
50.0051,80.0051,15.68,6038.323
50.0052,80.0053,15.76,6038.362
50.0054,80.0055,15.8,6038.419
50.0055,80.0057,15.82,6038.498
50.0057,80.0058,15.84,6038.568
50.0058,80.0059,15.89,6038.631
50.006,80.006,15.97,6038.731
50.0062,80.0061,16.07,6038.801
50.0064,80.0063,16.09,6038.828
50.0065,80.0065,16.16,6038.897
50.0067,80.0066,16.19,6038.99
50.0069,80.0067,16.27,6039.076
50.0071,80.0069,16.33,6039.104
50.0073,80.007,16.43,6039.146
50.0074,80.0072,16.48,6039.169
50.0075,80.0073,16.58,6039.255
50.0077,80.0074,16.6,6039.354
50.0079,80.0076,16.67,6039.422
50.0081,80.0078,16.73,6039.5
50.0082,80.0079,16.8,6039.516
50.0083,80.008,16.85,6039.613
50.0084,80.0081,16.89,6039.672
50.0086,80.0083,16.98,6039.768
50.0087,80.0085,17.07,6039.785
50.0089,80.0087,17.09,6039.858
50.0091,80.0089,17.13,6039.908
50.0093,80.0091,17.16,6039.914
50.0094,80.0093,17.19,6039.955
50.0095,80.0095,17.23,6039.989
50.0097,80.0097,17.33,6040.083
50.0099,80.0099,17.42,6040.162
50.01,80.0101,17.52,6040.183
50.0102,80.0102,17.62,6040.218
50.0104,80.0103,17.71,6040.283
50.0105,80.0104,17.79,6040.344
50.0106,80.0106,17.8,6040.356
50.0108,80.0107,17.85,6040.413
50.0109,80.0108,17.91,6040.485
50.011,80.0109,17.96,6040.535
50.0111,80.011,18.03,6040.61
50.0113,80.0112,18.04,6040.655
50.0115,80.0114,18.05,6040.682
50.0116,80.0116,18.14,6040.687
50.0118,80.0118,18.16,6040.717
50.0119,80.012,18.25,6040.76
50.0121,80.0121,18.27,6040.762
50.0123,80.0123,18.33,6040.847
50.0124,80.0124,18.39,6040.909
50.0126,80.0126,18.4,6040.986
50.0128,80.0127,18.41,6041.049
50.013,80.0129,18.48,6041.119
50.0132,80.0131,18.58,6041.127
50.0133,80.0133,18.64,6041.165
50.0134,80.0135,18.68,6041.26
50.0135,80.0137,18.76,6041.297
50.0136,80.0138,18.86,6041.388
50.0137,80.0139,18.93,6041.453
50.0138,80.0141,18.96,6041.473
50.014,80.0143,19.05,6041.515
50.0142,80.0145,19.1,6041.535
50.0144,80.0147,19.16,6041.626
50.0146,80.0149,19.25,6041.72
50.0148,80.0151,19.28,6041.814
50.0149,80.0152,19.37,6041.821
50.015,80.0154,19.45,6041.879
50.0151,80.0156,19.53,6041.964
50.0153,80.0158,19.56,6042.035
50.0155,80.016000000001,19.65,6042.058
50.0157,80.016100000001,19.67,6042.098
50.0158,80.016300000001,19.71,6042.124
50.016,80.016500000001,19.73,6042.186
50.0162,80.016600000001,19.8,6042.213
50.0164,80.016700000001,19.89,6042.293
50.0165,80.016900000001,19.96,6042.324
50.0166,80.017100000001,19.97,6042.401
50.0168,80.017300000001,20.07,6042.443
50.0169,80.017400000001,20.16,6042.52
50.017,80.017500000001,20.17,6042.591
50.0172,80.017600000001,20.21,6042.66
50.0173,80.017800000001,20.31,6042.743
50.0174,80.018000000001,20.38,6042.817
50.0175,80.018100000001,20.39,6042.879
50.0176,80.018200000001,20.43,6042.962
50.0178,80.018300000001,20.46,6042.992
50.018,80.018400000001,20.47,6043.053
50.0181,80.018500000001,20.51,6043.149
50.0182,80.018700000001,20.58,6043.207
50.0184,80.018900000001,20.62,6043.306
50.0185,80.019000000001,20.7,6043.379
50.0186,80.019200000001,20.74,6043.423
50.0188,80.019400000001,20.77,6043.498
50.0189,80.019500000001,20.78,6043.56
50.0191,80.019600000001,20.81,6043.633
50.0192,80.019800000001,20.88,6043.684
50.0193,80.019900000001,20.89,6043.76
50.0195,80.020000000001,20.97,6043.785
50.0196,80.020100000001,21.07,6043.862
50.0197,80.020200000001,21.09,6043.864
50.0198,80.020300000001,21.17,6043.878
50.02,80.020500000001,21.25,6043.926
50.0202,80.020700000001,21.27,6043.936
50.0203,80.020900000001,21.34,6043.999
50.0204,80.021100000001,21.38,6044.008
50.0205,80.021200000001,21.42,6044.075
50.0207,80.021300000001,21.47,6044.154
50.0209,80.021500000001,21.56,6044.218
50.021,80.021700000001,21.64,6044.22
50.0211,80.021900000001,21.69,6044.246
50.0212,80.022100000001,21.73,6044.341
50.0214,80.022300000001,21.79,6044.416
50.0216,80.022500000001,21.88,6044.496
50.0217,80.022600000001,21.93,6044.559
50.0218,80.022800000001,21.98,6044.568
50.022,80.022900000001,22.06,6044.628
50.0222,80.023000000001,22.13,6044.641
50.0224,80.023100000001,22.17,6044.688
50.0226,80.023300000001,22.22,6044.721
50.0228,80.023500000001,22.23,6044.753
50.023,80.023700000001,22.25,6044.851
50.0231,80.023900000001,22.32,6044.908
50.0232,80.024000000001,22.39,6045.006
50.0233,80.024100000001,22.45,6045.007
50.0235,80.024200000001,22.47,6045.094
50.0236,80.024400000001,22.51,6045.097
50.0237,80.024600000001,22.55,6045.19
50.0239,80.024700000001,22.58,6045.253
50.024,80.024800000001,22.64,6045.297
50.0242,80.024900000001,22.65,6045.335
50.0243,80.025100000001,22.69,6045.381
50.0244,80.025300000001,22.74,6045.471
50.0245,80.025500000001,22.82,6045.505
50.0246,80.025600000001,22.86,6045.54
50.0248,80.025800000001,22.89,6045.595
50.0249,80.026000000001,22.91,6045.646
50.0251,80.026200000001,23.01,6045.725
50.0253,80.026400000001,23.03,6045.744
50.0255,80.026600000001,23.1,6045.807
50.0256,80.026700000001,23.16,6045.858
50.0258,80.026800000001,23.25,6045.936
50.0259,80.026900000001,23.27,6045.959
50.0261,80.027000000001,23.35,6045.97
50.0263,80.027200000001,23.42,6046.047
50.0265,80.027400000001,23.48,6046.112
50.0266,80.027600000001,23.57,6046.121
50.0267,80.027700000001,23.65,6046.187
50.0269,80.027800000001,23.67,6046.209
50.0271,80.027900000001,23.77,6046.3
50.0272,80.028000000001,23.79,6046.318
50.0274,80.028200000001,23.82,6046.359
50.0276,80.028400000001,23.84,6046.409
50.0277,80.028600000001,23.86,6046.501
50.0278,80.028800000001,23.96,6046.569
50.0279,80.029000000001,24,6046.665
50.0281,80.029100000001,24.02,6046.71
50.0283,80.029200000001,24.06,6046.784
50.0284,80.029300000001,24.16,6046.862
50.0285,80.029400000001,24.18,6046.879
50.0286,80.029500000001,24.25,6046.928
50.0287,80.029700000001,24.29,6046.982
50.0289,80.029800000001,24.32,6046.999
50.029,80.030000000001,24.34,6047.002
50.0291,80.030100000001,24.39,6047.057
50.0292,80.030300000001,24.42,6047.13
50.0293,80.030400000001,24.48,6047.195
50.0294,80.030600000001,24.57,6047.239
50.0295,80.030700000001,24.67,6047.251
50.0296,80.030800000001,24.74,6047.351
50.0298,80.031000000001,24.76,6047.431
50.0299,80.031100000001,24.85,6047.474
50.0301,80.031200000001,24.95,6047.479
50.0302,80.031300000001,25.03,6047.517
50.0303,80.031400000001,25.04,6047.598
50.0305,80.031600000001,25.07,6047.697
50.0306,80.031700000001,25.09,6047.751
50.0307,80.031900000001,25.15,6047.769
50.0309,80.032100000001,25.25,6047.869
50.0311,80.032300000001,25.3,6047.926
50.0312,80.032400000001,25.37,6047.943
50.0314,80.032500000001,25.43,6047.95
50.0316,80.032700000001,25.52,6048.01
50.0317,80.032800000001,25.58,6048.077
50.0318,80.033000000001,25.61,6048.151
50.0319,80.033200000001,25.71,6048.157
50.032,80.033400000001,25.72,6048.199
50.0322,80.033500000001,25.82,6048.272
50.0324,80.033700000001,25.91,6048.322
50.0326,80.033800000001,25.97,6048.384
50.0328,80.033900000001,26,6048.422
50.033,80.034100000001,26.01,6048.504
50.0331,80.034200000001,26.07,6048.597
50.0333,80.034300000001,26.17,6048.638
50.0334,80.034400000001,26.26,6048.738
50.0336,80.034600000001,26.34,6048.775
50.0337,80.034800000001,26.43,6048.81
50.0338,80.034900000001,26.53,6048.813
50.034,80.035000000001,26.58,6048.856
50.0342,80.035100000001,26.61,6048.901
50.0344,80.035300000001,26.65,6048.969
50.0345,80.035400000001,26.66,6049.028
50.0346,80.035600000001,26.72,6049.118
50.0348,80.035700000001,26.75,6049.127
50.035,80.035800000001,26.8,6049.222
50.0352,80.035900000001,26.9,6049.266
50.0354,80.036000000001,26.99,6049.32
50.0356,80.036100000001,27.09,6049.372
50.0358,80.036200000001,27.11,6049.386
50.036,80.036300000001,27.19,6049.396
50.0361,80.036400000001,27.29,6049.484
50.0363,80.036500000001,27.39,6049.534
50.0364,80.036600000001,27.44,6049.628
50.0366,80.036700000001,27.48,6049.665
50.0368,80.036800000001,27.57,6049.727
50.0369,80.037000000001,27.59,6049.748
50.037,80.037100000001,27.63,6049.843
50.0372,80.037200000001,27.64,6049.92
50.0373,80.037300000001,27.71,6050.014
50.0374,80.037500000001,27.76,6050.081
50.0376,80.037700000001,27.83,6050.16
50.0377,80.037900000001,27.85,6050.167
50.0378,80.038000000001,27.92,6050.219
50.038,80.038200000001,28,6050.235
50.0381,80.038300000001,28.01,6050.309
50.0382,80.038400000001,28.06,6050.357
50.0383,80.038500000001,28.11,6050.404
50.0385,80.038700000001,28.13,6050.478
50.0387,80.038900000001,28.19,6050.578
50.0389,80.039100000001,28.2,6050.669
50.0391,80.039300000001,28.25,6050.733
50.0393,80.039400000001,28.33,6050.803
50.0394,80.039600000001,28.38,6050.837
50.0395,80.039800000001,28.47,6050.859
50.0396,80.039900000001,28.54,6050.94
50.0397,80.040100000001,28.6,6051.019
50.0399,80.040200000001,28.68,6051.045
50.0401,80.040400000001,28.7,6051.089
50.0403,80.040600000001,28.71,6051.105
50.0405,80.040800000001,28.8,6051.2
50.0407,80.040900000001,28.83,6051.277
50.0408,80.041000000001,28.93,6051.305
50.0409,80.041200000001,28.94,6051.343
50.041,80.041400000001,28.96,6051.345
50.0412,80.041600000001,28.99,6051.384
50.0414,80.041700000001,29.08,6051.423
50.0415,80.041900000001,29.14,6051.498
50.0417,80.042000000001,29.21,6051.545
50.0419,80.042200000001,29.24,6051.635
50.042,80.042300000001,29.26,6051.673
50.0422,80.042400000001,29.34,6051.705
50.0424,80.042600000001,29.38,6051.76
50.0426,80.042800000001,29.48,6051.825
50.0427,80.043000000001,29.49,6051.828
50.0429,80.043200000001,29.57,6051.865
50.0431,80.043300000001,29.66,6051.932
50.0432,80.043400000001,29.72,6051.985
50.0433,80.043600000001,29.82,6051.996
50.0434,80.043800000001,29.87,6052.084
50.0436,80.044000000001,29.92,6052.127
50.0437,80.044100000001,29.93,6052.162
50.0438,80.044200000001,29.97,6052.235
50.044,80.044300000001,29.98,6052.301
50.0442,80.044500000001,30.02,6052.31
50.0444,80.044700000001,30.09,6052.332
50.0446,80.044900000001,30.13,6052.396
50.0447,80.045100000001,30.19,6052.47
50.0448,80.045300000001,30.21,6052.551
50.0449,80.045400000001,30.23,6052.588
50.045,80.045600000001,30.24,6052.59
50.0452,80.045700000001,30.31,6052.622
50.0453,80.045900000001,30.36,6052.628
50.0455,80.046000000001,30.39,6052.68
50.0457,80.046200000002,30.41,6052.749
50.0458,80.046400000002,30.46,6052.831
50.046,80.046600000002,30.53,6052.919
50.0462,80.046800000002,30.56,6052.934
50.0463,80.046900000002,30.58,6052.935
50.0465,80.047100000002,30.62,6052.996
50.0467,80.047300000002,30.69,6053.069
50.0469,80.047500000002,30.72,6053.094
50.0471,80.047600000002,30.82,6053.182
50.0472,80.047700000002,30.89,6053.249
50.0474,80.047800000002,30.95,6053.324
50.0475,80.048000000002,31.04,6053.365
50.0476,80.048100000002,31.09,6053.43
50.0478,80.048300000002,31.12,6053.503
50.0479,80.048500000002,31.17,6053.522
50.0481,80.048700000002,31.22,6053.56
50.0482,80.048800000002,31.25,6053.575
50.0484,80.049000000002,31.34,6053.637
50.0485,80.049100000002,31.38,6053.67
50.0486,80.049200000002,31.46,6053.698
50.0487,80.049300000002,31.56,6053.718
50.0489,80.049400000002,31.66,6053.752
50.049,80.049500000002,31.72,6053.842
50.0491,80.049700000002,31.75,6053.855
50.0492,80.049900000002,31.78,6053.954
50.0493,80.050000000002,31.85,6054.023
50.0494,80.050200000002,31.86,6054.081
50.0495,80.050400000002,31.95,6054.132
50.0497,80.050600000002,32.03,6054.21
50.0499,80.050800000002,32.05,6054.309
50.0501,80.051000000002,32.14,6054.312
50.0503,80.051100000002,32.16,6054.398
50.0505,80.051200000002,32.25,6054.41
50.0506,80.051300000002,32.34,6054.503
50.0507,80.051500000002,32.4,6054.564
50.0509,80.051600000002,32.42,6054.611
50.051,80.051800000002,32.45,6054.616
50.0511,80.051900000002,32.46,6054.658
50.0513,80.052100000002,32.51,6054.713
50.0514,80.052300000002,32.56,6054.787
50.0516,80.052400000002,32.65,6054.836
50.0518,80.052600000002,32.7,6054.846
50.0519,80.052800000002,32.77,6054.85
50.052,80.053000000002,32.83,6054.89
50.0522,80.053200000002,32.88,6054.898
50.0523,80.053300000002,32.93,6054.907
50.0524,80.053500000002,33,6054.95
50.0526,80.053600000002,33.02,6055.001
50.0527,80.053700000002,33.12,6055.098
50.0529,80.053800000002,33.13,6055.112
50.053,80.054000000002,33.15,6055.172
50.0532,80.054200000002,33.25,6055.194
50.0533,80.054300000002,33.28,6055.246
50.0535,80.054500000002,33.35,6055.272
50.0537,80.054600000002,33.42,6055.292
50.0538,80.054800000002,33.49,6055.347
50.054,80.055000000002,33.55,6055.399
50.0541,80.055200000002,33.62,6055.442
50.0542,80.055400000002,33.63,6055.534
50.054300000001,80.055500000002,33.65,6055.625
50.054400000001,80.055600000002,33.7,6055.659
50.054500000001,80.055700000002,33.76,6055.746
50.054600000001,80.055800000002,33.77,6055.799
50.054700000001,80.056000000002,33.78,6055.897
50.054800000001,80.056200000002,33.83,6055.953
50.054900000001,80.056300000002,33.93,6056.003
50.055100000001,80.056400000002,33.98,6056.048
50.055200000001,80.056600000002,34.02,6056.095
50.055400000001,80.056800000002,34.1,6056.107
50.055600000001,80.056900000002,34.2,6056.114
50.055800000001,80.057000000002,34.26,6056.192
50.056000000001,80.057200000002,34.34,6056.216
50.056100000001,80.057300000002,34.42,6056.256
50.056200000001,80.057500000002,34.51,6056.289
50.056400000001,80.057600000002,34.59,6056.369
50.056600000001,80.057700000002,34.62,6056.447
50.056800000001,80.057800000002,34.71,6056.518
50.056900000001,80.058000000002,34.79,6056.53
50.057100000001,80.058100000002,34.88,6056.599
50.057200000001,80.058300000002,34.98,6056.624
50.057400000001,80.058500000002,35.05,6056.649
50.057500000001,80.058700000002,35.11,6056.675
50.057700000001,80.058800000002,35.12,6056.743
50.057800000001,80.058900000002,35.17,6056.781
50.057900000001,80.059000000002,35.18,6056.864
50.058000000001,80.059200000002,35.28,6056.872
50.058100000001,80.059400000002,35.36,6056.894
50.058200000001,80.059600000002,35.41,6056.927
50.058300000001,80.059700000002,35.47,6057.015
50.058500000001,80.059800000002,35.49,6057.064
50.058600000001,80.059900000002,35.51,6057.16
50.058700000001,80.060100000002,35.55,6057.247
50.058900000001,80.060200000002,35.62,6057.26
50.059000000001,80.060400000002,35.65,6057.308
50.059100000001,80.060600000002,35.72,6057.397
50.059300000001,80.060700000002,35.75,6057.402
50.059400000001,80.060900000002,35.85,6057.495
50.059600000001,80.061000000002,35.9,6057.537
50.059700000001,80.061200000002,35.94,6057.61
50.059800000001,80.061400000002,36,6057.622
50.059900000001,80.061500000002,36.03,6057.661
50.060100000001,80.061600000002,36.12,6057.692
50.060200000001,80.061800000002,36.14,6057.697
50.060400000001,80.061900000002,36.15,6057.797
50.060500000001,80.062000000002,36.25,6057.809
50.060600000001,80.062100000002,36.31,6057.838
50.060800000001,80.062300000002,36.32,6057.847
50.061000000001,80.062500000002,36.34,6057.922
50.061200000001,80.062600000002,36.36,6057.996
50.061400000001,80.062800000002,36.37,6058.023
50.061600000001,80.062900000002,36.41,6058.05
50.061800000001,80.063000000002,36.44,6058.135
50.061900000001,80.063100000002,36.54,6058.181
50.062100000001,80.063200000002,36.62,6058.222
50.062200000001,80.063400000002,36.67,6058.225
50.062300000001,80.063600000002,36.75,6058.246
50.062400000001,80.063800000002,36.85,6058.345
50.062600000001,80.064000000002,36.88,6058.389
50.062700000001,80.064200000002,36.96,6058.477
50.062900000001,80.064400000002,37.04,6058.511
50.063000000001,80.064600000002,37.12,6058.575
50.063100000001,80.064800000002,37.13,6058.633
50.063200000001,80.065000000002,37.19,6058.697
50.063300000001,80.065100000002,37.28,6058.732
50.063400000001,80.065300000002,37.32,6058.748
50.063600000001,80.065500000002,37.38,6058.846
50.063700000001,80.065600000002,37.47,6058.854
50.063800000001,80.065800000002,37.52,6058.895
50.063900000001,80.065900000002,37.53,6058.936
50.064100000001,80.066000000002,37.63,6058.939
50.064300000001,80.066200000002,37.7,6059.025
50.064500000001,80.066300000002,37.72,6059.046
50.064600000001,80.066500000002,37.76,6059.048
50.064700000001,80.066700000002,37.86,6059.073
50.064800000001,80.066900000002,37.9,6059.126
50.064900000001,80.067100000002,38,6059.191
50.065100000001,80.067300000002,38.01,6059.258
50.065200000001,80.067400000002,38.08,6059.327
50.065400000001,80.067500000002,38.14,6059.38
50.065600000001,80.067700000002,38.22,6059.389
50.065700000001,80.067800000002,38.23,6059.427
50.065800000001,80.067900000002,38.3,6059.457
50.066000000001,80.068100000002,38.39,6059.493
50.066200000001,80.068300000002,38.4,6059.552
50.066400000001,80.068400000002,38.43,6059.63
50.066500000001,80.068600000002,38.48,6059.697
50.066600000001,80.068800000002,38.5,6059.705
50.066800000001,80.069000000002,38.52,6059.804
50.067000000001,80.069100000002,38.56,6059.807
50.067100000001,80.069300000002,38.6,6059.838
50.067300000001,80.069400000002,38.67,6059.896
50.067500000001,80.069600000002,38.69,6059.956
50.067700000001,80.069700000002,38.73,6060.036
50.067800000001,80.069900000002,38.78,6060.095
50.068000000001,80.070100000002,38.85,6060.149
50.068200000001,80.070300000002,38.91,6060.203
50.068300000001,80.070500000002,38.97,6060.248
50.068500000001,80.070700000002,39.05,6060.326
50.068600000001,80.070800000002,39.09,6060.417
50.068700000001,80.071000000002,39.15,6060.497
50.068900000001,80.071200000002,39.21,6060.521
50.069100000001,80.071300000002,39.3,6060.574
50.069300000001,80.071400000002,39.31,6060.597
50.069400000001,80.071600000002,39.39,6060.638
50.069500000001,80.071700000002,39.48,6060.67
50.069600000001,80.071900000002,39.49,6060.694
50.069700000001,80.072000000002,39.51,6060.703
50.069900000001,80.072200000002,39.6,6060.789
50.070100000001,80.072300000002,39.61,6060.814
50.070300000001,80.072500000002,39.69,6060.835
50.070400000001,80.072700000002,39.74,6060.907
50.070500000001,80.072800000002,39.76,6060.993
50.070700000001,80.073000000002,39.78,6061.067
50.070900000001,80.073100000002,39.88,6061.125
50.071100000001,80.073200000002,39.95,6061.191
50.071300000001,80.073400000002,40.01,6061.222
50.071400000001,80.073600000002,40.07,6061.276
50.071600000001,80.073700000002,40.15,6061.367
50.071700000001,80.073800000002,40.22,6061.419
50.071800000001,80.074000000002,40.26,6061.509
50.072000000001,80.074200000002,40.33,6061.538
50.072200000001,80.074400000002,40.42,6061.589
50.072400000001,80.074600000002,40.44,6061.639
50.072500000001,80.074800000002,40.52,6061.649
50.072600000001,80.074900000002,40.59,6061.725
50.072800000001,80.075000000002,40.66,6061.803
50.073000000001,80.075100000002,40.69,6061.895
50.073100000001,80.075300000002,40.78,6061.968
50.073200000001,80.075400000002,40.79,6061.969
50.073300000001,80.075600000002,40.85,6062.045
50.073400000001,80.075800000002,40.88,6062.093
50.073500000001,80.075900000002,40.94,6062.152
50.073600000001,80.076000000002,40.98,6062.156
50.073800000001,80.076100000002,41.07,6062.17
50.073900000001,80.076200000003,41.08,6062.2
50.074100000001,80.076400000003,41.09,6062.297
50.074200000001,80.076500000003,41.19,6062.329
50.074400000001,80.076600000003,41.2,6062.361
50.074500000001,80.076700000003,41.28,6062.411
50.074600000001,80.076800000003,41.29,6062.485
50.074800000001,80.076900000003,41.37,6062.501
50.074900000001,80.077100000003,41.4,6062.572
50.075100000001,80.077200000003,41.5,6062.618
50.075200000001,80.077300000003,41.55,6062.665
50.075300000001,80.077400000003,41.63,6062.763
50.075500000001,80.077600000003,41.66,6062.768
50.075600000001,80.077700000003,41.72,6062.821
50.075700000001,80.077900000003,41.75,6062.823
50.075800000001,80.078000000003,41.77,6062.87
50.076000000001,80.078100000003,41.79,6062.902
50.076200000001,80.078200000003,41.87,6063
50.076300000001,80.078300000003,41.92,6063.025
50.076500000001,80.078400000003,41.95,6063.072
50.076600000001,80.078600000003,42.01,6063.098
50.076800000001,80.078700000003,42.09,6063.102
50.077000000001,80.078800000003,42.1,6063.172
50.077100000001,80.078900000003,42.12,6063.242
50.077300000001,80.079000000003,42.13,6063.291
50.077400000001,80.079200000003,42.18,6063.358
50.077600000001,80.079400000003,42.28,6063.412
50.077700000001,80.079500000003,42.38,6063.434
50.077900000001,80.079600000003,42.43,6063.458
50.078100000001,80.079700000003,42.46,6063.477
50.078200000001,80.079800000003,42.55,6063.513
50.078400000001,80.079900000003,42.56,6063.539
50.078500000001,80.080000000003,42.64,6063.622
50.078700000001,80.080100000003,42.69,6063.7
50.078800000001,80.080200000003,42.73,6063.723
50.079000000001,80.080300000003,42.78,6063.741
50.079200000001,80.080500000003,42.83,6063.775
50.079300000001,80.080700000003,42.89,6063.82
50.079400000001,80.080800000003,42.97,6063.88
50.079500000001,80.081000000003,43.06,6063.959
50.079700000001,80.081200000003,43.13,6064.031
50.079900000001,80.081300000003,43.18,6064.118
50.080000000001,80.081500000003,43.19,6064.122
50.080100000001,80.081700000003,43.22,6064.211
50.080200000001,80.081900000003,43.25,6064.274
50.080300000001,80.082100000003,43.26,6064.31
50.080400000001,80.082300000003,43.36,6064.367
50.080600000001,80.082500000003,43.4,6064.427
50.080700000001,80.082700000003,43.44,6064.443
50.080800000001,80.082900000003,43.45,6064.499
50.081000000001,80.083000000003,43.51,6064.568
50.081200000001,80.083200000003,43.57,6064.58
50.081300000001,80.083400000003,43.65,6064.655
50.081500000001,80.083600000003,43.67,6064.722
50.081700000001,80.083700000003,43.7,6064.76
50.081900000001,80.083900000003,43.8,6064.784
50.082100000001,80.084000000003,43.84,6064.844
50.082200000001,80.084100000003,43.86,6064.912
50.082400000001,80.084300000003,43.9,6064.931
50.082600000001,80.084500000003,43.94,6065.028
50.082800000001,80.084600000003,44.02,6065.053
50.083000000001,80.084800000003,44.12,6065.106
50.083200000001,80.084900000003,44.21,6065.178
50.083400000001,80.085100000003,44.31,6065.205
50.083500000001,80.085200000003,44.4,6065.23
50.083700000001,80.085300000003,44.5,6065.256
50.083900000001,80.085400000003,44.55,6065.287
50.084000000001,80.085600000003,44.58,6065.382
50.084200000001,80.085800000003,44.6,6065.446
50.084400000001,80.085900000003,44.62,6065.513
50.084500000001,80.086000000003,44.66,6065.611
50.084700000001,80.086100000003,44.69,6065.62
50.084900000001,80.086200000003,44.73,6065.659
50.085000000001,80.086300000003,44.8,6065.748
50.085200000001,80.086400000003,44.82,6065.826
50.085400000001,80.086500000003,44.9,6065.887
50.085500000001,80.086700000003,44.93,6065.913
50.085600000001,80.086800000003,45.03,6065.94
50.085700000001,80.086900000003,45.06,6065.976
50.085900000001,80.087000000003,45.11,6066.004
50.086100000001,80.087200000003,45.18,6066.076
50.086200000001,80.087300000003,45.24,6066.135
50.086300000001,80.087500000003,45.28,6066.156
50.086400000001,80.087600000003,45.37,6066.229
50.086600000001,80.087700000003,45.47,6066.23
50.086700000001,80.087900000003,45.5,6066.317
50.086800000001,80.088100000003,45.53,6066.4
50.087000000001,80.088300000003,45.55,6066.458
50.087100000001,80.088500000003,45.58,6066.505
50.087200000001,80.088700000003,45.59,6066.552
50.087400000001,80.088800000003,45.66,6066.647
50.087500000001,80.088900000003,45.73,6066.693
50.087700000001,80.089100000003,45.78,6066.789
50.087900000001,80.089300000003,45.87,6066.865
50.088000000001,80.089400000003,45.93,6066.888
50.088200000001,80.089600000003,46.02,6066.9
50.088300000001,80.089700000003,46.08,6066.955
50.088500000001,80.089900000003,46.09,6067.022
50.088600000001,80.090100000003,46.16,6067.071
50.088700000001,80.090200000003,46.26,6067.142
50.088900000001,80.090300000003,46.33,6067.192
50.089000000001,80.090400000003,46.36,6067.226
50.089100000001,80.090600000003,46.42,6067.245
50.089300000001,80.090700000003,46.46,6067.345
50.089400000001,80.090900000003,46.52,6067.389
50.089600000001,80.091100000003,46.54,6067.442
50.089700000001,80.091300000003,46.55,6067.485
50.089800000001,80.091500000003,46.57,6067.58
50.089900000001,80.091700000003,46.62,6067.625
50.090000000001,80.091900000003,46.7,6067.7
50.090200000001,80.092000000003,46.8,6067.705
50.090400000001,80.092100000003,46.81,6067.721
50.090500000001,80.092300000003,46.87,6067.785
50.090600000001,80.092500000003,46.89,6067.822
50.090700000001,80.092600000003,46.97,6067.864
50.090800000001,80.092800000003,47.01,6067.91
50.091000000001,80.093000000003,47.1,6068.004
50.091100000001,80.093200000003,47.17,6068.103
50.091200000001,80.093400000003,47.18,6068.176
50.091400000001,80.093500000003,47.27,6068.275
50.091600000001,80.093600000003,47.34,6068.351
50.091700000001,80.093800000003,47.36,6068.408
50.091900000001,80.094000000003,47.46,6068.416
50.092100000001,80.094100000003,47.52,6068.469
50.092200000001,80.094200000003,47.57,6068.53
50.092300000001,80.094300000003,47.63,6068.543
50.092500000001,80.094500000003,47.72,6068.605
50.092700000001,80.094700000003,47.79,6068.637
50.092800000001,80.094800000003,47.8,6068.673
50.093000000001,80.094900000003,47.9,6068.769
50.093100000001,80.095100000003,47.91,6068.864
50.093200000001,80.095300000003,47.96,6068.903
50.093400000001,80.095500000003,48.06,6068.913
50.093500000001,80.095700000003,48.09,6068.997
50.093600000001,80.095800000003,48.14,6069.086
50.093800000001,80.095900000003,48.17,6069.087
50.093900000001,80.096000000003,48.21,6069.114
50.094000000001,80.096100000003,48.24,6069.174
50.094100000001,80.096200000003,48.3,6069.22
50.094300000001,80.096300000003,48.39,6069.298
50.094500000001,80.096500000003,48.48,6069.301
50.094600000001,80.096600000003,48.57,6069.363
50.094700000001,80.096700000003,48.63,6069.46
50.094800000001,80.096900000003,48.73,6069.522
50.095000000001,80.097000000003,48.82,6069.569
50.095200000001,80.097100000003,48.83,6069.651
50.095300000001,80.097300000003,48.86,6069.666
50.095500000001,80.097400000003,48.96,6069.725
50.095700000001,80.097600000003,49.03,6069.761
50.095900000001,80.097700000003,49.13,6069.766
50.096100000001,80.097800000003,49.14,6069.777
50.096200000001,80.098000000003,49.22,6069.794
50.096300000001,80.098200000003,49.29,6069.888
50.096500000001,80.098400000003,49.37,6069.893
50.096600000001,80.098500000003,49.39,6069.987
50.096700000001,80.098600000003,49.45,6069.995
50.096900000001,80.098700000003,49.5,6070.074
50.097100000001,80.098800000003,49.59,6070.109
50.097300000001,80.099000000003,49.64,6070.113
50.097500000001,80.099100000003,49.67,6070.13
50.097700000001,80.099300000003,49.68,6070.179
50.097900000001,80.099500000003,49.74,6070.262
50.098100000001,80.099700000003,49.82,6070.264
50.098300000001,80.099800000003,49.83,6070.338
50.098400000001,80.100000000003,49.89,6070.438
50.098600000001,80.100100000003,49.93,6070.516
50.098700000001,80.100300000003,50.02,6070.522
50.098900000001,80.100400000003,50.05,6070.596
50.099100000001,80.100500000003,50.08,6070.633
50.099200000001,80.100700000003,50.1,6070.638
50.099300000001,80.100900000003,50.11,6070.671
50.099400000001,80.101000000003,50.12,6070.736
50.099600000001,80.101200000003,50.19,6070.795
50.099800000001,80.101400000003,50.23,6070.811
50.100000000001,80.101500000003,50.26,6070.884
50.100100000001,80.101600000003,50.31,6070.888
50.100300000001,80.101800000003,50.35,6070.979
50.100400000001,80.102000000003,50.45,6071.072
50.100600000001,80.102100000003,50.48,6071.149
50.100700000001,80.102200000003,50.53,6071.235
50.100900000001,80.102300000003,50.58,6071.319
50.101000000001,80.102500000003,50.68,6071.399
50.101200000001,80.102600000003,50.74,6071.416
50.101400000001,80.102800000003,50.77,6071.454
50.101600000001,80.103000000003,50.8,6071.463
50.101700000001,80.103100000003,50.81,6071.533
50.101800000001,80.103200000003,50.86,6071.578
50.102000000001,80.103400000003,50.89,6071.623
50.102200000001,80.103600000003,50.92,6071.718
50.102400000001,80.103700000003,51,6071.771
50.102500000001,80.103800000003,51.07,6071.78
50.102600000001,80.104000000003,51.12,6071.867
50.102700000001,80.104200000003,51.22,6071.933
50.102900000001,80.104400000003,51.26,6071.957
50.103000000001,80.104600000003,51.33,6072.035
50.103200000001,80.104800000003,51.36,6072.096
50.103400000001,80.104900000003,51.42,6072.122
50.103600000001,80.105000000003,51.5,6072.144
50.103800000001,80.105100000003,51.54,6072.22
50.103900000001,80.105300000003,51.61,6072.305
50.104100000001,80.105500000003,51.67,6072.353
50.104300000001,80.105700000003,51.75,6072.431
50.104500000001,80.105800000003,51.81,6072.468
50.104600000001,80.106000000003,51.91,6072.476
50.104700000001,80.106200000003,51.95,6072.479
50.104900000001,80.106300000004,51.98,6072.513
50.105100000001,80.106500000004,51.99,6072.606
50.105200000001,80.106700000004,52.07,6072.687
50.105300000001,80.106800000004,52.1,6072.771
50.105400000001,80.106900000004,52.17,6072.853
50.105500000001,80.107000000004,52.19,6072.93
50.105700000001,80.107100000004,52.28,6072.951
50.105900000001,80.107200000004,52.31,6072.996
50.106000000001,80.107300000004,52.39,6073.08
50.106100000001,80.107500000004,52.47,6073.111
50.106300000001,80.107700000004,52.49,6073.197
50.106500000001,80.107800000004,52.56,6073.292
50.106600000001,80.107900000004,52.64,6073.373
50.106700000001,80.108100000004,52.7,6073.413
50.106800000001,80.108200000004,52.76,6073.486
50.107000000001,80.108400000004,52.78,6073.571
50.107100000001,80.108600000004,52.85,6073.599
50.107300000001,80.108700000004,52.91,6073.636
50.107500000001,80.108900000004,52.94,6073.716
50.107600000001,80.109100000004,53.02,6073.767
50.107700000001,80.109200000004,53.06,6073.834
50.107800000001,80.109400000004,53.07,6073.885
50.107900000001,80.109600000004,53.1,6073.972
50.108000000001,80.109700000004,53.18,6074.047
50.108100000001,80.109800000004,53.19,6074.061
50.108300000001,80.110000000004,53.25,6074.145
50.108400000001,80.110200000004,53.32,6074.185
50.108600000001,80.110300000004,53.42,6074.27
50.108800000001,80.110400000004,53.48,6074.301
50.108900000001,80.110600000004,53.57,6074.339
50.109000000001,80.110700000004,53.6,6074.409
50.109100000001,80.110900000004,53.65,6074.484
50.109200000001,80.111000000004,53.74,6074.503
50.109300000001,80.111100000004,53.75,6074.54
50.109400000001,80.111300000004,53.83,6074.614
50.109500000001,80.111500000004,53.89,6074.704
50.109700000001,80.111600000004,53.91,6074.801
50.109900000001,80.111700000004,53.95,6074.891
50.110000000001,80.111900000004,54.01,6074.936
50.110200000001,80.112000000004,54.03,6075.022
50.110400000001,80.112100000004,54.04,6075.08
50.110500000001,80.112200000004,54.14,6075.136
50.110700000001,80.112400000004,54.17,6075.21
50.110800000001,80.112600000004,54.24,6075.234
50.111000000001,80.112800000004,54.27,6075.298
50.111200000001,80.113000000004,54.33,6075.385
50.111300000001,80.113100000004,54.37,6075.45
50.111400000001,80.113200000004,54.43,6075.519
50.111600000001,80.113400000004,54.46,6075.521
50.111800000001,80.113500000004,54.52,6075.554
50.112000000001,80.113700000004,54.53,6075.58
50.112200000001,80.113900000004,54.58,6075.65
50.112400000001,80.114100000004,54.62,6075.687
50.112500000001,80.114300000004,54.65,6075.725
50.112600000001,80.114500000004,54.66,6075.744
50.112700000001,80.114700000004,54.75,6075.803
50.112800000001,80.114800000004,54.82,6075.873
50.112900000001,80.114900000004,54.83,6075.893
50.113000000001,80.115000000004,54.88,6075.969
50.113200000001,80.115200000004,54.93,6076.002
50.113400000001,80.115400000004,55,6076.09
50.113600000001,80.115600000004,55.03,6076.157
50.113700000001,80.115700000004,55.12,6076.206
50.113900000001,80.115900000004,55.13,6076.294
50.114100000001,80.116100000004,55.19,6076.308
50.114300000001,80.116300000004,55.23,6076.395
50.114500000001,80.116500000004,55.3,6076.443
50.114700000001,80.116600000004,55.39,6076.477
50.114900000001,80.116700000004,55.42,6076.531
50.115000000001,80.116800000004,55.45,6076.619
50.115200000001,80.116900000004,55.49,6076.674
50.115400000001,80.117000000004,55.54,6076.733
50.115500000001,80.117200000004,55.62,6076.828
50.115700000001,80.117300000004,55.71,6076.855
50.115900000001,80.117400000004,55.79,6076.908
50.116100000001,80.117600000004,55.88,6076.947
50.116200000001,80.117700000004,55.98,6076.994
50.116400000001,80.117800000004,56.02,6077.024
50.116500000001,80.118000000004,56.11,6077.117
50.116600000001,80.118100000004,56.17,6077.142
50.116700000001,80.118200000004,56.19,6077.229
50.116800000001,80.118400000004,56.21,6077.24
50.116900000001,80.118600000004,56.28,6077.335
50.117000000001,80.118700000004,56.32,6077.381
50.117200000001,80.118800000004,56.42,6077.392
50.117300000001,80.118900000004,56.47,6077.445
50.117500000001,80.119000000004,56.52,6077.455
50.117700000001,80.119200000004,56.56,6077.535
50.117800000001,80.119400000004,56.63,6077.584
50.118000000001,80.119600000004,56.69,6077.68
50.118200000001,80.119700000004,56.79,6077.686
50.118400000001,80.119800000004,56.85,6077.712
50.118500000001,80.119900000004,56.89,6077.796
50.118700000001,80.120100000004,56.93,6077.861
50.118800000001,80.120300000004,57.01,6077.915
50.119000000001,80.120400000004,57.05,6078.014
50.119200000001,80.120600000004,57.1,6078.029
50.119400000001,80.120700000004,57.11,6078.07
50.119500000001,80.120800000004,57.16,6078.166
50.119600000001,80.121000000004,57.19,6078.238
50.119700000001,80.121200000004,57.25,6078.246
50.119800000001,80.121400000004,57.33,6078.283
50.120000000001,80.121500000004,57.42,6078.335
50.120200000001,80.121600000004,57.47,6078.351
50.120300000001,80.121800000004,57.5,6078.447
50.120400000001,80.121900000004,57.54,6078.476
50.120500000001,80.122100000004,57.57,6078.54
50.120700000001,80.122200000004,57.61,6078.56
50.120800000001,80.122400000004,57.64,6078.6
50.121000000001,80.122600000004,57.72,6078.654
50.121100000001,80.122800000004,57.73,6078.753
50.121300000001,80.123000000004,57.75,6078.761
50.121500000001,80.123100000004,57.76,6078.814
50.121700000001,80.123200000004,57.85,6078.838
50.121800000001,80.123300000004,57.94,6078.841
50.122000000001,80.123400000004,57.97,6078.899
50.122100000001,80.123500000004,58.07,6078.991
50.122200000001,80.123700000004,58.12,6079.081
50.122300000001,80.123800000004,58.21,6079.107
50.122400000001,80.123900000004,58.25,6079.16
50.122500000001,80.124000000004,58.26,6079.189
50.122700000001,80.124200000004,58.32,6079.288
50.122900000001,80.124300000004,58.33,6079.335
50.123100000001,80.124400000004,58.34,6079.406
50.123300000001,80.124600000004,58.41,6079.422
50.123500000001,80.124700000004,58.42,6079.432
50.123700000001,80.124900000004,58.46,6079.489
50.123900000001,80.125100000004,58.47,6079.53
50.124000000001,80.125200000004,58.54,6079.61
50.124100000001,80.125300000004,58.62,6079.707
50.124300000001,80.125500000004,58.67,6079.728
50.124400000001,80.125600000004,58.77,6079.799
50.124500000001,80.125800000004,58.86,6079.817
50.124700000001,80.126000000004,58.89,6079.831
50.124900000001,80.126200000004,58.97,6079.911
50.125000000001,80.126400000004,59,6079.943
50.125200000001,80.126600000004,59.02,6080.042
50.125300000001,80.126800000004,59.12,6080.115
50.125500000001,80.126900000004,59.22,6080.186
50.125700000001,80.127100000004,59.27,6080.215
50.125800000001,80.127200000004,59.32,6080.313
50.125900000001,80.127400000004,59.34,6080.315
50.126000000001,80.127600000004,59.43,6080.378
50.126200000001,80.127700000004,59.53,6080.437
50.126400000001,80.127800000004,59.59,6080.441
50.126600000001,80.128000000004,59.67,6080.505
50.126800000001,80.128200000004,59.71,6080.576
50.127000000001,80.128400000004,59.81,6080.669
50.127100000001,80.128500000004,59.9,6080.688
50.127200000001,80.128600000004,59.93,6080.741
50.127400000001,80.128700000004,59.95,6080.786
50.127500000001,80.128800000004,59.96,6080.88
50.127600000001,80.129000000004,60.06,6080.888
50.127700000001,80.129200000004,60.14,6080.987
50.127800000001,80.129300000004,60.21,6081.085
50.128000000001,80.129500000004,60.3,6081.165
50.128100000001,80.129700000004,60.4,6081.198
50.128300000001,80.129800000004,60.49,6081.261
50.128400000001,80.129900000004,60.5,6081.282
50.128500000001,80.130000000004,60.52,6081.305
50.128700000001,80.130100000004,60.55,6081.385
50.128900000001,80.130200000004,60.63,6081.411
50.129000000001,80.130300000004,60.66,6081.496
50.129100000001,80.130400000004,60.73,6081.525
50.129300000001,80.130600000004,60.8,6081.597
50.129500000001,80.130700000004,60.84,6081.696
50.129600000001,80.130800000004,60.86,6081.751
50.129800000001,80.130900000004,60.94,6081.773
50.129900000001,80.131000000004,60.95,6081.8
50.130000000001,80.131200000004,61.01,6081.814
50.130100000001,80.131400000004,61.11,6081.854
50.130300000001,80.131600000004,61.18,6081.932
50.130400000001,80.131700000004,61.23,6081.936
50.130600000001,80.131900000004,61.24,6081.957
50.130700000001,80.132000000004,61.32,6082.034
50.130900000001,80.132200000004,61.42,6082.133
50.131100000001,80.132400000004,61.45,6082.2
50.131300000001,80.132600000004,61.54,6082.202
50.131500000001,80.132800000004,61.59,6082.241
50.131600000001,80.132900000004,61.61,6082.304
50.131700000001,80.133100000004,61.68,6082.315
50.131800000001,80.133300000004,61.72,6082.39
50.132000000001,80.133400000004,61.78,6082.435
50.132200000001,80.133500000004,61.83,6082.452
50.132300000001,80.133700000004,61.92,6082.475
50.132400000001,80.133900000004,61.95,6082.573
50.132500000001,80.134100000004,61.99,6082.654
50.132700000001,80.134300000004,62.04,6082.662
50.132800000001,80.134400000004,62.06,6082.73
50.133000000001,80.134500000004,62.11,6082.795
50.133200000001,80.134700000004,62.12,6082.807
50.133300000001,80.134900000004,62.15,6082.893
50.133400000001,80.135000000004,62.16,6082.96
50.133600000001,80.135100000004,62.23,6082.978
50.133800000001,80.135200000004,62.33,6083.046
50.134000000001,80.135300000004,62.41,6083.118
50.134100000001,80.135500000004,62.45,6083.141
50.134200000001,80.135700000004,62.54,6083.235
50.134400000001,80.135900000004,62.55,6083.249
50.134500000001,80.136000000004,62.65,6083.317
50.134600000001,80.136100000004,62.69,6083.339
50.134700000001,80.136300000004,62.73,6083.375
50.134900000001,80.136400000004,62.74,6083.428
50.135100000001,80.136600000005,62.77,6083.453
50.135300000001,80.136800000005,62.82,6083.464
50.135400000001,80.136900000005,62.83,6083.483
50.135500000001,80.137000000005,62.87,6083.56
50.135600000001,80.137100000005,62.92,6083.648
50.135700000001,80.137300000005,62.93,6083.726
50.135900000001,80.137400000005,62.95,6083.802
50.136100000001,80.137500000005,62.98,6083.863
50.136300000001,80.137700000005,63.07,6083.927
50.136400000001,80.137800000005,63.15,6083.988
50.136600000001,80.138000000005,63.23,6084.085
50.136800000001,80.138100000005,63.31,6084.114
50.136900000001,80.138200000005,63.33,6084.193
50.137100000001,80.138300000005,63.39,6084.265
50.137300000001,80.138500000005,63.44,6084.32
50.137500000001,80.138700000005,63.46,6084.397
50.137600000001,80.138800000005,63.51,6084.44
50.137700000001,80.138900000005,63.52,6084.441
50.137900000001,80.139100000005,63.62,6084.52
50.138100000001,80.139300000005,63.63,6084.553
50.138300000001,80.139400000005,63.65,6084.637
50.138400000001,80.139600000005,63.71,6084.656
50.138500000001,80.139700000005,63.79,6084.675
50.138700000001,80.139900000005,63.89,6084.678
50.138900000001,80.140000000005,63.94,6084.7
50.139000000001,80.140100000005,63.97,6084.742
50.139100000001,80.140200000005,63.99,6084.764
50.139300000001,80.140300000005,64.05,6084.842
50.139400000001,80.140500000005,64.12,6084.939
50.139500000001,80.140600000005,64.14,6085.006
50.139600000001,80.140800000005,64.23,6085.1
50.139800000001,80.141000000005,64.33,6085.165
50.139900000001,80.141100000005,64.42,6085.231
50.140100000001,80.141200000005,64.43,6085.248
50.140200000001,80.141300000005,64.47,6085.264
50.140400000001,80.141500000005,64.57,6085.267
50.140600000001,80.141700000005,64.67,6085.355
50.140800000001,80.141800000005,64.73,6085.441
50.140900000001,80.141900000005,64.81,6085.52
50.141000000001,80.142100000005,64.86,6085.556
50.141100000001,80.142200000005,64.87,6085.558
50.141200000001,80.142300000005,64.89,6085.622
50.141300000001,80.142500000005,64.97,6085.71
50.141400000001,80.142700000005,65.07,6085.714
50.141500000001,80.142900000005,65.17,6085.807
50.141600000001,80.143000000005,65.25,6085.813
50.141800000001,80.143200000005,65.34,6085.816
50.141900000001,80.143300000005,65.38,6085.863
50.142100000001,80.143400000005,65.43,6085.955
50.142200000001,80.143600000005,65.49,6086.037
50.142300000001,80.143700000005,65.56,6086.108
50.142400000001,80.143900000005,65.64,6086.137
50.142500000001,80.144100000005,65.67,6086.19
50.142600000001,80.144300000005,65.73,6086.283
50.142800000001,80.144400000005,65.83,6086.372
50.143000000001,80.144500000005,65.87,6086.394
50.143200000001,80.144700000005,65.89,6086.414
50.143400000001,80.144900000005,65.9,6086.488
50.143500000001,80.145100000005,65.95,6086.495
50.143600000001,80.145200000005,65.99,6086.575
50.143800000001,80.145400000005,66.03,6086.667
50.144000000001,80.145600000005,66.12,6086.68
50.144100000001,80.145800000005,66.13,6086.777
50.144200000001,80.145900000005,66.15,6086.863
50.144300000001,80.146000000005,66.16,6086.934
50.144500000001,80.146100000005,66.21,6086.935
50.144700000001,80.146300000005,66.22,6086.942
50.144800000001,80.146400000005,66.31,6087.028
50.145000000001,80.146500000005,66.39,6087.082
50.145100000001,80.146700000005,66.46,6087.118
50.145200000001,80.146900000005,66.5,6087.172
50.145300000001,80.147000000005,66.54,6087.196
50.145500000001,80.147100000005,66.64,6087.276
50.145600000001,80.147200000005,66.73,6087.303
50.145700000001,80.147400000005,66.77,6087.333
50.145800000001,80.147500000005,66.79,6087.361
50.145900000001,80.147700000005,66.88,6087.404
50.146100000001,80.147800000005,66.96,6087.498
50.146200000001,80.147900000005,67.01,6087.516
50.146400000001,80.148100000005,67.06,6087.556
50.146500000001,80.148200000005,67.08,6087.635
50.146700000001,80.148300000005,67.09,6087.636
50.146900000001,80.148400000005,67.13,6087.655
50.147100000001,80.148500000005,67.18,6087.748
50.147200000001,80.148600000005,67.22,6087.84
50.147400000001,80.148700000005,67.31,6087.928
50.147500000001,80.148800000005,67.32,6088.011
50.147600000001,80.148900000005,67.35,6088.059
50.147800000001,80.149000000005,67.38,6088.118
50.147900000001,80.149100000005,67.44,6088.149
50.148100000001,80.149300000005,67.49,6088.174
50.148200000001,80.149500000005,67.51,6088.247
50.148300000001,80.149700000005,67.58,6088.342
50.148500000001,80.149800000005,67.67,6088.433
50.148700000001,80.150000000005,67.75,6088.435
50.148800000001,80.150200000005,67.8,6088.454
50.148900000001,80.150400000005,67.88,6088.533
50.149000000001,80.150500000005,67.89,6088.608
50.149100000001,80.150700000005,67.99,6088.669
50.149300000001,80.150800000005,68.03,6088.742
50.149500000001,80.151000000005,68.1,6088.78
50.149600000001,80.151100000005,68.13,6088.812
50.149700000001,80.151200000005,68.17,6088.883
50.149900000001,80.151400000005,68.26,6088.914
50.150100000001,80.151600000005,68.27,6088.979
50.150200000001,80.151700000005,68.31,6089.009
50.150400000001,80.151800000005,68.41,6089.036
50.150600000001,80.151900000005,68.51,6089.064
50.150700000001,80.152100000005,68.58,6089.136
50.150800000001,80.152300000005,68.59,6089.186
50.151000000001,80.152400000005,68.62,6089.274
50.151100000001,80.152500000005,68.64,6089.349
50.151300000001,80.152600000005,68.68,6089.43
50.151400000001,80.152800000005,68.7,6089.45
50.151500000001,80.152900000005,68.75,6089.524
50.151600000001,80.153000000005,68.76,6089.574
50.151700000001,80.153200000005,68.79,6089.598
50.151900000001,80.153300000005,68.87,6089.651
50.152100000001,80.153500000005,68.92,6089.728
50.152200000001,80.153700000005,68.98,6089.809
50.152400000001,80.153900000005,69.05,6089.84
50.152600000001,80.154100000005,69.1,6089.926
50.152800000001,80.154300000005,69.16,6090.026
50.152900000001,80.154500000005,69.21,6090.075
50.153000000001,80.154700000005,69.29,6090.161
50.153200000001,80.154800000005,69.33,6090.214
50.153300000002,80.155000000005,69.36,6090.256
50.153400000002,80.155200000005,69.39,6090.281
50.153600000002,80.155400000005,69.45,6090.319
50.153800000002,80.155500000005,69.48,6090.347
50.153900000002,80.155700000005,69.51,6090.387
50.154000000002,80.155900000005,69.6,6090.455
50.154100000002,80.156100000005,69.66,6090.497
50.154200000002,80.156300000005,69.76,6090.542
50.154400000002,80.156400000005,69.85,6090.55
50.154500000002,80.156500000005,69.89,6090.623
50.154700000002,80.156700000005,69.91,6090.668
50.154900000002,80.156800000005,69.99,6090.761
50.155000000002,80.157000000005,70.03,6090.818
50.155200000002,80.157100000005,70.06,6090.843
50.155400000002,80.157300000005,70.13,6090.931
50.155600000002,80.157500000005,70.17,6090.968
50.155800000002,80.157600000005,70.22,6091.054
50.155900000002,80.157800000005,70.28,6091.07
50.156100000002,80.158000000005,70.34,6091.126
50.156200000002,80.158100000005,70.39,6091.142
50.156300000002,80.158300000005,70.47,6091.151
50.156400000002,80.158500000005,70.51,6091.234
50.156600000002,80.158700000005,70.59,6091.275
50.156800000002,80.158800000005,70.67,6091.316
50.156900000002,80.158900000005,70.7,6091.361
50.157100000002,80.159100000005,70.77,6091.423
50.157300000002,80.159200000005,70.79,6091.475
50.157500000002,80.159400000005,70.86,6091.558
50.157600000002,80.159500000005,70.96,6091.604
50.157700000002,80.159600000005,70.99,6091.614
50.157800000002,80.159800000005,71.05,6091.694
50.158000000002,80.159900000005,71.07,6091.714
50.158100000002,80.160000000005,71.14,6091.762
50.158200000002,80.160100000005,71.15,6091.843
50.158300000002,80.160200000005,71.19,6091.939
50.158500000002,80.160400000005,71.27,6091.974
50.158600000002,80.160600000005,71.35,6092.05
50.158800000002,80.160700000005,71.44,6092.062
50.158900000002,80.160800000005,71.54,6092.067
50.159100000002,80.160900000005,71.57,6092.08
50.159300000002,80.161100000005,71.64,6092.167
50.159400000002,80.161300000005,71.71,6092.225
50.159600000002,80.161500000005,71.77,6092.312
50.159800000002,80.161600000005,71.8,6092.348
50.160000000002,80.161700000005,71.82,6092.437
50.160100000002,80.161900000005,71.83,6092.451
50.160200000002,80.162100000005,71.85,6092.545
50.160300000002,80.162200000005,71.86,6092.605
50.160400000002,80.162400000005,71.91,6092.65
50.160500000002,80.162500000005,71.92,6092.683
50.160600000002,80.162700000005,71.94,6092.689
50.160800000002,80.162800000005,71.99,6092.772
50.160900000002,80.163000000005,72.07,6092.822
50.161000000002,80.163200000005,72.14,6092.899
50.161200000002,80.163400000005,72.21,6092.964
50.161300000002,80.163600000005,72.24,6093.021
50.161400000002,80.163800000005,72.25,6093.101
50.161600000002,80.163900000005,72.27,6093.191
50.161800000002,80.164000000005,72.37,6093.234
50.162000000002,80.164100000005,72.4,6093.245
50.162200000002,80.164300000005,72.47,6093.279
50.162400000002,80.164400000005,72.48,6093.308
50.162500000002,80.164600000005,72.58,6093.339
50.162700000002,80.164700000005,72.67,6093.438
50.162900000002,80.164900000005,72.75,6093.504
50.163100000002,80.165100000005,72.81,6093.553
50.163200000002,80.165300000005,72.91,6093.643
50.163400000002,80.165400000005,73.01,6093.717
50.163500000002,80.165600000005,73.02,6093.797
50.163700000002,80.165700000005,73.03,6093.887
50.163900000002,80.165800000005,73.06,6093.94
50.164000000002,80.165900000005,73.12,6093.944
50.164200000002,80.166000000005,73.19,6094.029
50.164300000002,80.166100000005,73.23,6094.067
50.164500000002,80.166200000005,73.26,6094.129
50.164600000002,80.166300000005,73.3,6094.184
50.164800000002,80.166400000005,73.34,6094.256
50.165000000002,80.166500000005,73.41,6094.313
50.165100000002,80.166700000006,73.42,6094.373
50.165300000002,80.166900000006,73.49,6094.455
50.165500000002,80.167000000006,73.56,6094.462
50.165700000002,80.167200000006,73.61,6094.495
50.165800000002,80.167400000006,73.71,6094.561
50.166000000002,80.167500000006,73.73,6094.647
50.166200000002,80.167700000006,73.79,6094.679
50.166400000002,80.167800000006,73.88,6094.715
50.166600000002,80.168000000006,73.98,6094.803
50.166800000002,80.168200000006,74.05,6094.848
50.167000000002,80.168300000006,74.11,6094.896
50.167100000002,80.168500000006,74.19,6094.953
50.167300000002,80.168700000006,74.22,6095.02
50.167400000002,80.168800000006,74.28,6095.096
50.167600000002,80.168900000006,74.29,6095.184
50.167700000002,80.169100000006,74.32,6095.213
50.167900000002,80.169200000006,74.34,6095.261
50.168100000002,80.169400000006,74.44,6095.329
50.168200000002,80.169500000006,74.46,6095.381
50.168300000002,80.169700000006,74.47,6095.388
50.168500000002,80.169800000006,74.55,6095.46
50.168700000002,80.169900000006,74.6,6095.525
50.168800000002,80.170100000006,74.66,6095.589
50.168900000002,80.170300000006,74.76,6095.631
50.169100000002,80.170400000006,74.85,6095.704
50.169300000002,80.170600000006,74.9,6095.716
50.169400000002,80.170800000006,74.97,6095.781
50.169600000002,80.171000000006,75.05,6095.8
50.169800000002,80.171100000006,75.14,6095.871
50.170000000002,80.171200000006,75.18,6095.877
50.170200000002,80.171400000006,75.25,6095.917
50.170400000002,80.171600000006,75.34,6095.977
50.170600000002,80.171800000006,75.38,6096.04
50.170800000002,80.172000000006,75.46,6096.118
50.170900000002,80.172100000006,75.51,6096.198
50.171000000002,80.172200000006,75.61,6096.205
50.171200000002,80.172400000006,75.69,6096.233
50.171300000002,80.172500000006,75.73,6096.246
50.171500000002,80.172600000006,75.79,6096.31
50.171700000002,80.172700000006,75.82,6096.345
50.171800000002,80.172900000006,75.92,6096.403
50.171900000002,80.173100000006,75.96,6096.461
50.172000000002,80.173300000006,76,6096.475
50.172200000002,80.173400000006,76.02,6096.524
50.172300000002,80.173600000006,76.1,6096.567
50.172400000002,80.173700000006,76.16,6096.576
50.172500000002,80.173800000006,76.24,6096.653
50.172600000002,80.174000000006,76.26,6096.699
50.172800000002,80.174100000006,76.27,6096.778
50.173000000002,80.174200000006,76.31,6096.863
50.173100000002,80.174400000006,76.41,6096.872
50.173200000002,80.174500000006,76.47,6096.898
50.173300000002,80.174600000006,76.54,6096.921
50.173400000002,80.174700000006,76.58,6096.974
50.173500000002,80.174800000006,76.61,6097.045
50.173700000002,80.174900000006,76.63,6097.094
50.173800000002,80.175000000006,76.66,6097.119
50.174000000002,80.175200000006,76.67,6097.196
50.174100000002,80.175300000006,76.76,6097.235
50.174200000002,80.175400000006,76.83,6097.274
50.174400000002,80.175500000006,76.9,6097.289
50.174600000002,80.175700000006,76.97,6097.372
50.174800000002,80.175900000006,77.03,6097.467
50.174900000002,80.176100000006,77.08,6097.549
50.175100000002,80.176300000006,77.09,6097.597
50.175200000002,80.176400000006,77.12,6097.661
50.175300000002,80.176500000006,77.13,6097.708
50.175500000002,80.176700000006,77.22,6097.732
50.175700000002,80.176800000006,77.26,6097.782
50.175800000002,80.176900000006,77.3,6097.818
50.176000000002,80.177100000006,77.34,6097.853
50.176200000002,80.177300000006,77.36,6097.897
50.176300000002,80.177400000006,77.46,6097.969
50.176400000002,80.177500000006,77.5,6098.029
50.176500000002,80.177600000006,77.51,6098.105
50.176600000002,80.177800000006,77.61,6098.204
50.176700000002,80.177900000006,77.66,6098.282
50.176800000002,80.178100000006,77.68,6098.322
50.177000000002,80.178200000006,77.76,6098.344
50.177100000002,80.178400000006,77.83,6098.401
50.177200000002,80.178600000006,77.86,6098.451
50.177400000002,80.178800000006,77.87,6098.551
50.177600000002,80.178900000006,77.95,6098.553
50.177700000002,80.179100000006,77.96,6098.597
50.177800000002,80.179200000006,77.99,6098.647
50.177900000002,80.179300000006,78.08,6098.744
50.178100000002,80.179500000006,78.1,6098.837
50.178300000002,80.179700000006,78.15,6098.902
50.178400000002,80.179900000006,78.17,6098.917
50.178500000002,80.180000000006,78.19,6098.957
50.178600000002,80.180200000006,78.24,6099.003
50.178800000002,80.180300000006,78.33,6099.074
50.179000000002,80.180400000006,78.35,6099.094
50.179100000002,80.180500000006,78.37,6099.116
50.179300000002,80.180600000006,78.39,6099.14
50.179400000002,80.180800000006,78.48,6099.198
50.179500000002,80.180900000006,78.56,6099.278
50.179600000002,80.181100000006,78.58,6099.344
50.179800000002,80.181300000006,78.6,6099.38
50.179900000002,80.181500000006,78.61,6099.474
50.180000000002,80.181600000006,78.63,6099.529
50.180100000002,80.181700000006,78.71,6099.534
50.180300000002,80.181900000006,78.74,6099.614
50.180500000002,80.182000000006,78.78,6099.705
50.180600000002,80.182100000006,78.86,6099.752
50.180800000002,80.182300000006,78.88,6099.822
50.181000000002,80.182400000006,78.89,6099.877
50.181100000002,80.182500000006,78.94,6099.911
50.181200000002,80.182700000006,79.03,6099.981
50.181400000002,80.182900000006,79.11,6100.035
50.181600000002,80.183000000006,79.15,6100.038
50.181700000002,80.183200000006,79.25,6100.078
50.181900000002,80.183400000006,79.34,6100.153
50.182100000002,80.183600000006,79.39,6100.158
50.182200000002,80.183700000006,79.45,6100.203
50.182400000002,80.183800000006,79.53,6100.297
50.182600000002,80.184000000006,79.6,6100.357
50.182700000002,80.184100000006,79.62,6100.436
50.182800000002,80.184200000006,79.71,6100.496
50.182900000002,80.184400000006,79.81,6100.59
50.183000000002,80.184600000006,79.88,6100.679
50.183200000002,80.184700000006,79.98,6100.684
50.183400000002,80.184900000006,80.03,6100.701
50.183600000002,80.185000000006,80.05,6100.73
50.183800000002,80.185200000006,80.14,6100.75
50.183900000002,80.185300000006,80.24,6100.801
50.184000000002,80.185500000006,80.26,6100.862
50.184200000002,80.185600000006,80.32,6100.949
50.184400000002,80.185700000006,80.4,6101.028
50.184500000002,80.185900000006,80.49,6101.119
50.184600000002,80.186000000006,80.5,6101.199
50.184800000002,80.186100000006,80.51,6101.251
50.185000000002,80.186300000006,80.59,6101.252
50.185200000002,80.186500000006,80.65,6101.295
50.185300000002,80.186700000006,80.66,6101.391
50.185500000002,80.186900000006,80.75,6101.458
50.185700000002,80.187100000006,80.8,6101.469
50.185800000002,80.187200000006,80.81,6101.514
50.186000000002,80.187300000006,80.84,6101.534
50.186100000002,80.187400000006,80.92,6101.549
50.186200000002,80.187500000006,80.94,6101.573
50.186300000002,80.187700000006,81.01,6101.626
50.186400000002,80.187900000006,81.06,6101.725
50.186500000002,80.188000000006,81.13,6101.732
50.186700000002,80.188100000006,81.15,6101.743
50.186800000002,80.188200000006,81.21,6101.841
50.186900000002,80.188400000006,81.23,6101.892
50.187000000002,80.188600000006,81.3,6101.928
50.187100000002,80.188800000006,81.36,6101.965
50.187200000002,80.188900000006,81.45,6102.038
50.187400000002,80.189000000006,81.53,6102.06
50.187600000002,80.189100000006,81.56,6102.113
50.187700000002,80.189200000006,81.63,6102.196
50.187900000002,80.189300000006,81.71,6102.284
50.188100000002,80.189500000006,81.75,6102.288
50.188300000002,80.189600000006,81.79,6102.302
50.188500000002,80.189800000006,81.85,6102.331
50.188600000002,80.189900000006,81.86,6102.346
50.188800000002,80.190100000006,81.9,6102.39
50.188900000002,80.190300000006,82,6102.444
50.189000000002,80.190500000006,82.04,6102.513
50.189200000002,80.190600000006,82.1,6102.583
50.189300000002,80.190800000006,82.18,6102.68
50.189500000002,80.190900000006,82.2,6102.759
50.189600000002,80.191100000006,82.21,6102.79
50.189700000002,80.191200000006,82.26,6102.868
50.189900000002,80.191400000006,82.29,6102.958
50.190000000002,80.191500000006,82.34,6103.01
50.190200000002,80.191700000006,82.36,6103.061
50.190400000002,80.191900000006,82.38,6103.067
50.190600000002,80.192100000006,82.39,6103.132
50.190700000002,80.192200000006,82.44,6103.147
50.190900000002,80.192400000006,82.49,6103.222
50.191100000002,80.192600000006,82.55,6103.263
50.191300000002,80.192800000006,82.59,6103.279
50.191500000002,80.193000000006,82.66,6103.345
50.191700000002,80.193200000006,82.68,6103.391
50.191900000002,80.193300000006,82.74,6103.422
50.192000000002,80.193500000006,82.84,6103.457
50.192200000002,80.193600000006,82.89,6103.498
50.192400000002,80.193800000006,82.91,6103.548
50.192600000002,80.194000000006,83.01,6103.604
50.192700000002,80.194100000006,83.09,6103.635
50.192900000002,80.194200000006,83.19,6103.681
50.193000000002,80.194300000006,83.29,6103.766
50.193100000002,80.194400000006,83.31,6103.843
50.193300000002,80.194500000006,83.33,6103.905
50.193400000002,80.194700000006,83.34,6103.944
50.193600000002,80.194800000006,83.43,6103.985
50.193800000002,80.195000000006,83.53,6104.009
50.194000000002,80.195200000006,83.59,6104.101
50.194100000002,80.195400000006,83.63,6104.129
50.194300000002,80.195500000006,83.65,6104.139
50.194500000002,80.195600000006,83.74,6104.203
50.194600000002,80.195800000006,83.77,6104.289
50.194800000002,80.195900000006,83.8,6104.305
50.194900000002,80.196000000006,83.86,6104.33
50.195100000002,80.196200000006,83.91,6104.418
50.195200000002,80.196300000006,83.99,6104.441
50.195400000002,80.196400000006,84.05,6104.456
50.195500000002,80.196600000006,84.08,6104.469
50.195700000002,80.196700000007,84.16,6104.497
50.195800000002,80.196800000007,84.18,6104.567
50.195900000002,80.196900000007,84.27,6104.635
50.196000000002,80.197000000007,84.37,6104.675
50.196200000002,80.197100000007,84.4,6104.684
50.196300000002,80.197200000007,84.44,6104.778
50.196400000002,80.197400000007,84.45,6104.845
50.196500000002,80.197500000007,84.53,6104.88
50.196600000002,80.197700000007,84.6,6104.933
50.196800000002,80.197900000007,84.63,6105.014
50.196900000002,80.198000000007,84.68,6105.079
50.197000000002,80.198100000007,84.69,6105.115
50.197200000002,80.198200000007,84.74,6105.138
50.197300000002,80.198400000007,84.76,6105.197
50.197500000002,80.198500000007,84.79,6105.199
50.197700000002,80.198600000007,84.83,6105.298
50.197900000002,80.198800000007,84.89,6105.312
50.198100000002,80.199000000007,84.99,6105.402
50.198300000002,80.199100000007,85.05,6105.425
50.198500000002,80.199300000007,85.11,6105.489
50.198700000002,80.199400000007,85.2,6105.513
50.198900000002,80.199500000007,85.29,6105.55
50.199000000002,80.199600000007,85.33,6105.634
50.199100000002,80.199800000007,85.42,6105.705
50.199300000002,80.199900000007,85.51,6105.755
50.199400000002,80.200100000007,85.55,6105.838
50.199500000002,80.200300000007,85.56,6105.841
50.199700000002,80.200500000007,85.63,6105.879
50.199900000002,80.200700000007,85.7,6105.925
50.200100000002,80.200800000007,85.79,6106.006
50.200300000002,80.200900000007,85.86,6106.07
50.200500000002,80.201000000007,85.9,6106.139
50.200700000002,80.201100000007,85.92,6106.223
50.200900000002,80.201300000007,85.99,6106.24
50.201100000002,80.201500000007,86.01,6106.241
50.201200000002,80.201700000007,86.05,6106.243
50.201300000002,80.201800000007,86.1,6106.333
50.201400000002,80.201900000007,86.17,6106.429
50.201500000002,80.202000000007,86.23,6106.472
50.201700000002,80.202200000007,86.25,6106.53
50.201800000002,80.202300000007,86.3,6106.538
50.202000000002,80.202400000007,86.33,6106.576
50.202200000002,80.202500000007,86.37,6106.592
50.202300000002,80.202700000007,86.39,6106.655
50.202500000002,80.202900000007,86.45,6106.677
50.202700000002,80.203000000007,86.47,6106.719
50.202900000002,80.203200000007,86.56,6106.754
50.203100000002,80.203400000007,86.66,6106.835
50.203200000002,80.203500000007,86.75,6106.847
50.203300000002,80.203600000007,86.8,6106.869
50.203500000002,80.203800000007,86.84,6106.95
50.203700000002,80.204000000007,86.89,6106.992
50.203800000002,80.204200000007,86.96,6107.004
50.203900000002,80.204400000007,87.02,6107.076
50.204100000002,80.204500000007,87.03,6107.1
50.204200000002,80.204700000007,87.04,6107.159
50.204300000002,80.204900000007,87.12,6107.234
50.204400000002,80.205000000007,87.22,6107.292
50.204500000002,80.205100000007,87.26,6107.364
50.204700000002,80.205300000007,87.28,6107.37
50.204900000002,80.205500000007,87.3,6107.463
50.205100000002,80.205700000007,87.37,6107.473
50.205200000002,80.205900000007,87.41,6107.514
50.205400000002,80.206000000007,87.51,6107.516
50.205500000002,80.206200000007,87.59,6107.548
50.205700000002,80.206400000007,87.68,6107.645
50.205800000002,80.206500000007,87.75,6107.738
50.205900000002,80.206700000007,87.85,6107.823
50.206100000002,80.206800000007,87.93,6107.836
50.206300000002,80.206900000007,87.96,6107.928
50.206400000002,80.207100000007,88,6108.011
50.206600000002,80.207200000007,88.09,6108.033
50.206700000002,80.207400000007,88.15,6108.124
50.206800000002,80.207500000007,88.24,6108.161
50.207000000002,80.207700000007,88.27,6108.238
50.207100000002,80.207800000007,88.34,6108.334
50.207200000002,80.207900000007,88.35,6108.361
50.207400000002,80.208000000007,88.37,6108.454
50.207600000002,80.208200000007,88.45,6108.531
50.207800000002,80.208400000007,88.55,6108.615
50.207900000002,80.208600000007,88.63,6108.665
50.208100000002,80.208800000007,88.72,6108.726
50.208200000002,80.208900000007,88.76,6108.783
50.208300000002,80.209100000007,88.82,6108.867
50.208400000002,80.209300000007,88.83,6108.881
50.208600000002,80.209400000007,88.84,6108.954
50.208800000002,80.209600000007,88.89,6109.015
50.208900000002,80.209700000007,88.94,6109.072
50.209100000002,80.209800000007,88.95,6109.162
50.209300000002,80.210000000007,89.01,6109.262
50.209400000002,80.210200000007,89.07,6109.31
50.209600000002,80.210300000007,89.11,6109.33
50.209800000002,80.210400000007,89.15,6109.384
50.210000000002,80.210500000007,89.18,6109.432
50.210100000002,80.210700000007,89.19,6109.49
50.210200000002,80.210900000007,89.21,6109.509
50.210400000002,80.211000000007,89.22,6109.562
50.210500000002,80.211200000007,89.28,6109.578
50.210600000002,80.211300000007,89.35,6109.61
50.210700000002,80.211500000007,89.41,6109.689
50.210800000002,80.211700000007,89.45,6109.692
50.210900000002,80.211900000007,89.5,6109.734
50.211000000002,80.212100000007,89.6,6109.787
50.211100000002,80.212200000007,89.68,6109.87
50.211200000002,80.212400000007,89.72,6109.911
50.211300000002,80.212600000007,89.78,6109.995
50.211500000002,80.212700000007,89.8,6110.001
50.211600000002,80.212900000007,89.89,6110.047
50.211700000002,80.213000000007,89.94,6110.119
50.211900000002,80.213200000007,89.96,6110.123
50.212100000002,80.213300000007,90.02,6110.191
50.212200000002,80.213400000007,90.07,6110.246
50.212300000002,80.213600000007,90.17,6110.29
50.212500000002,80.213800000007,90.2,6110.354
50.212700000002,80.213900000007,90.27,6110.437
50.212800000002,80.214100000007,90.3,6110.495
50.213000000002,80.214300000007,90.33,6110.537
50.213200000002,80.214400000007,90.38,6110.568
50.213400000002,80.214500000007,90.48,6110.646
50.213500000002,80.214600000007,90.52,6110.682
50.213600000002,80.214700000007,90.6,6110.684
50.213800000002,80.214800000007,90.67,6110.735
50.213900000002,80.214900000007,90.71,6110.793
50.214100000002,80.215100000007,90.73,6110.851
50.214200000002,80.215200000007,90.83,6110.861
50.214400000002,80.215300000007,90.87,6110.901
50.214500000002,80.215400000007,90.89,6110.977
50.214700000002,80.215600000007,90.91,6110.993
50.214900000002,80.215800000007,90.93,6111.052
50.215100000002,80.216000000007,90.94,6111.099
50.215200000002,80.216100000007,90.95,6111.106
50.215300000002,80.216200000007,91.02,6111.144
50.215500000002,80.216400000007,91.07,6111.191
50.215600000002,80.216600000007,91.16,6111.246
50.215700000002,80.216700000007,91.19,6111.255
50.215900000002,80.216800000007,91.22,6111.287
50.216000000002,80.216900000007,91.32,6111.315
50.216100000002,80.217100000007,91.4,6111.356
50.216200000002,80.217300000007,91.45,6111.399
50.216400000002,80.217400000007,91.54,6111.455
50.216600000002,80.217500000007,91.55,6111.537
50.216700000002,80.217700000007,91.59,6111.577
50.216900000002,80.217900000007,91.64,6111.621
50.217000000002,80.218100000007,91.72,6111.659
50.217100000002,80.218300000007,91.79,6111.694
50.217300000002,80.218400000007,91.87,6111.701
50.217400000002,80.218500000007,91.92,6111.712
50.217500000002,80.218600000007,91.99,6111.72
50.217700000002,80.218800000007,92.08,6111.794
50.217900000002,80.218900000007,92.1,6111.841
50.218100000002,80.219100000007,92.19,6111.938
50.218200000002,80.219300000007,92.23,6111.983
50.218300000002,80.219500000007,92.31,6112.079
50.218400000002,80.219700000007,92.32,6112.133
50.218600000002,80.219900000007,92.39,6112.145
50.218800000002,80.220000000007,92.41,6112.186
50.219000000002,80.220100000007,92.43,6112.242
50.219100000002,80.220200000007,92.44,6112.266
50.219300000002,80.220400000007,92.46,6112.287
50.219500000002,80.220600000007,92.53,6112.373
50.219700000002,80.220700000007,92.62,6112.463
50.219900000002,80.220900000007,92.67,6112.54
50.220000000002,80.221000000007,92.76,6112.559
50.220100000002,80.221100000007,92.82,6112.597
50.220200000002,80.221300000007,92.92,6112.647
50.220400000002,80.221500000007,93,6112.734
50.220600000002,80.221700000007,93.01,6112.775
50.220700000002,80.221900000007,93.04,6112.874
50.220800000002,80.222000000007,93.13,6112.887
50.221000000002,80.222100000007,93.22,6112.915
50.221100000002,80.222300000007,93.27,6112.99
50.221300000002,80.222400000007,93.29,6112.992
50.221500000002,80.222500000007,93.35,6113.067
50.221700000002,80.222600000007,93.42,6113.151
50.221800000002,80.222800000007,93.45,6113.214
50.221900000002,80.223000000007,93.52,6113.265
50.222100000002,80.223100000007,93.59,6113.315
50.222300000002,80.223300000007,93.67,6113.331
50.222400000002,80.223400000007,93.77,6113.348
50.222500000002,80.223500000007,93.79,6113.35
50.222600000002,80.223700000007,93.87,6113.354
50.222800000002,80.223800000007,93.96,6113.363
50.222900000002,80.223900000007,94.04,6113.403
50.223100000002,80.224000000007,94.14,6113.423
50.223300000002,80.224200000007,94.21,6113.483
50.223400000002,80.224300000007,94.29,6113.522
50.223600000002,80.224500000007,94.35,6113.617
50.223800000002,80.224700000007,94.45,6113.69
50.223900000002,80.224900000007,94.53,6113.722
50.224000000002,80.225100000007,94.57,6113.733
50.224200000002,80.225200000007,94.63,6113.769
50.224300000002,80.225300000007,94.69,6113.793
50.224500000002,80.225400000007,94.78,6113.796
50.224700000002,80.225600000007,94.83,6113.836
50.224800000002,80.225800000007,94.87,6113.925
50.225000000002,80.225900000007,94.94,6113.931
50.225100000002,80.226000000007,94.98,6113.941
50.225200000002,80.226200000007,95.01,6114.016
50.225400000002,80.226400000007,95.03,6114.047
50.225500000002,80.226600000007,95.09,6114.055
50.225700000002,80.226700000007,95.1,6114.118
50.225900000002,80.226800000008,95.11,6114.136
50.226000000002,80.226900000008,95.12,6114.147
50.226200000002,80.227100000008,95.14,6114.213
50.226300000002,80.227300000008,95.22,6114.219
50.226400000002,80.227500000008,95.31,6114.238
50.226600000002,80.227700000008,95.36,6114.318
50.226800000002,80.227800000008,95.45,6114.367
50.226900000002,80.228000000008,95.47,6114.404
50.227000000002,80.228100000008,95.53,6114.495
50.227100000002,80.228300000008,95.54,6114.507
50.227200000002,80.228400000008,95.62,6114.539
50.227400000002,80.228600000008,95.66,6114.541
50.227500000002,80.228700000008,95.68,6114.559
50.227600000002,80.228900000008,95.78,6114.625
50.227800000002,80.229100000008,95.8,6114.639
50.228000000002,80.229200000008,95.86,6114.666
50.228100000002,80.229300000008,95.88,6114.751
50.228300000002,80.229400000008,95.98,6114.842
50.228400000002,80.229600000008,96.01,6114.849
50.228500000002,80.229800000008,96.02,6114.926
50.228700000002,80.229900000008,96.12,6115.01
50.228900000002,80.230100000008,96.17,6115.08
50.229100000002,80.230300000008,96.26,6115.135
50.229300000002,80.230400000008,96.35,6115.162
50.229400000002,80.230600000008,96.37,6115.262
50.229500000002,80.230700000008,96.47,6115.314
50.229700000002,80.230800000008,96.53,6115.322
50.229900000002,80.231000000008,96.62,6115.369
50.230100000002,80.231200000008,96.66,6115.461
50.230300000002,80.231400000008,96.73,6115.503
50.230400000002,80.231500000008,96.83,6115.536
50.230600000002,80.231700000008,96.89,6115.55
50.230800000002,80.231900000008,96.91,6115.642
50.231000000002,80.232000000008,96.96,6115.699
50.231100000002,80.232100000008,97.03,6115.787
50.231300000002,80.232200000008,97.07,6115.85
50.231400000002,80.232400000008,97.13,6115.942
50.231500000002,80.232500000008,97.17,6116.032
50.231700000002,80.232600000008,97.2,6116.067
50.231800000002,80.232800000008,97.25,6116.149
50.231900000002,80.233000000008,97.33,6116.175
50.232100000002,80.233100000008,97.42,6116.256
50.232200000002,80.233200000008,97.49,6116.341
50.232400000002,80.233300000008,97.54,6116.358
50.232600000002,80.233400000008,97.55,6116.371
50.232700000002,80.233500000008,97.56,6116.445
50.232900000002,80.233600000008,97.57,6116.523
50.233000000002,80.233800000008,97.63,6116.577
50.233100000002,80.233900000008,97.71,6116.659
50.233200000002,80.234100000008,97.78,6116.723
50.233300000002,80.234200000008,97.83,6116.724
50.233400000002,80.234400000008,97.85,6116.823
50.233600000002,80.234500000008,97.87,6116.835
50.233800000002,80.234600000008,97.96,6116.874
50.233900000002,80.234800000008,97.98,6116.913
50.234000000002,80.235000000008,98.08,6116.978
50.234100000002,80.235200000008,98.13,6117.032
50.234200000002,80.235300000008,98.15,6117.073
50.234300000002,80.235500000008,98.2,6117.143
50.234500000002,80.235700000008,98.27,6117.201
50.234700000002,80.235900000008,98.34,6117.253
50.234900000002,80.236100000008,98.44,6117.279
50.235000000002,80.236200000008,98.51,6117.373
50.235200000002,80.236400000008,98.57,6117.462
50.235300000002,80.236500000008,98.62,6117.524
50.235400000002,80.236700000008,98.63,6117.574
50.235500000002,80.236800000008,98.65,6117.661
50.235600000002,80.237000000008,98.7,6117.748
50.235800000002,80.237100000008,98.74,6117.803
50.236000000002,80.237200000008,98.83,6117.816
50.236100000002,80.237300000008,98.84,6117.833
50.236200000002,80.237500000008,98.85,6117.862
50.236400000002,80.237600000008,98.95,6117.94
50.236500000002,80.237800000008,98.98,6117.972
50.236600000002,80.237900000008,99,6118.013
50.236700000002,80.238100000008,99.03,6118.11
50.236900000002,80.238300000008,99.09,6118.151
50.237100000002,80.238400000008,99.15,6118.179
50.237300000002,80.238600000008,99.2,6118.255
50.237400000002,80.238700000008,99.21,6118.343
50.237600000002,80.238900000008,99.28,6118.345
50.237800000002,80.239100000008,99.32,6118.372
50.237900000002,80.239300000008,99.39,6118.44
50.238000000002,80.239500000008,99.46,6118.528
50.238200000002,80.239600000008,99.49,6118.58
50.238300000002,80.239800000008,99.57,6118.603
50.238400000002,80.239900000008,99.67,6118.663
50.238600000002,80.240000000008,99.72,6118.73
50.238800000002,80.240100000008,99.79,6118.816
50.238900000002,80.240200000008,99.81,6118.856
50.239100000002,80.240400000008,99.82,6118.924
50.239300000002,80.240600000008,99.88,6118.955
50.239500000002,80.240800000008,99.97,6118.989
50.239700000002,80.241000000008,100.03,6118.993
50.239900000002,80.241200000008,100.1,6119.047
50.240100000002,80.241300000008,100.12,6119.1
50.240200000002,80.241500000008,100.16,6119.126
50.240400000002,80.241700000008,100.23,6119.169
50.240500000002,80.241900000008,100.25,6119.171
50.240600000002,80.242100000008,100.29,6119.202
50.240700000002,80.242200000008,100.36,6119.215
50.240900000002,80.242300000008,100.38,6119.272
50.241100000002,80.242500000008,100.4,6119.301
50.241300000002,80.242600000008,100.49,6119.313
50.241400000002,80.242700000008,100.53,6119.32
50.241600000002,80.242800000008,100.58,6119.419
50.241800000002,80.243000000008,100.59,6119.436
50.241900000002,80.243100000008,100.64,6119.509
50.242000000002,80.243200000008,100.73,6119.531
50.242100000002,80.243300000008,100.81,6119.536
50.242300000002,80.243500000008,100.85,6119.606
50.242400000002,80.243600000008,100.94,6119.641
50.242500000002,80.243700000008,100.99,6119.643
50.242600000002,80.243900000008,101,6119.735
50.242800000002,80.244000000008,101.01,6119.81
50.242900000002,80.244200000008,101.06,6119.891
50.243100000002,80.244300000008,101.07,6119.99
50.243200000002,80.244500000008,101.08,6120.005
50.243400000002,80.244600000008,101.17,6120.091
50.243500000002,80.244800000008,101.19,6120.172
50.243700000002,80.245000000008,101.28,6120.272
50.243900000002,80.245200000008,101.38,6120.274
50.244100000002,80.245300000008,101.46,6120.29
50.244300000002,80.245400000008,101.56,6120.314
50.244500000002,80.245600000008,101.59,6120.405
50.244700000002,80.245700000008,101.6,6120.449
50.244900000002,80.245900000008,101.63,6120.457
50.245100000002,80.246000000008,101.72,6120.49
50.245200000002,80.246200000008,101.76,6120.552
50.245400000002,80.246300000008,101.83,6120.585
50.245500000002,80.246400000008,101.88,6120.666
50.245700000002,80.246500000008,101.89,6120.686
50.245800000002,80.246600000008,101.9,6120.701
50.246000000002,80.246700000008,101.96,6120.711
50.246100000002,80.246900000008,101.98,6120.765
50.246200000002,80.247000000008,102.07,6120.809
50.246400000002,80.247100000008,102.08,6120.832
50.246500000002,80.247300000008,102.14,6120.9
50.246600000002,80.247400000008,102.19,6120.971
50.246700000002,80.247600000008,102.28,6121.055
50.246900000002,80.247800000008,102.38,6121.084
50.247000000002,80.248000000008,102.42,6121.1
50.247100000002,80.248200000008,102.49,6121.178
50.247300000002,80.248400000008,102.52,6121.21
50.247500000002,80.248500000008,102.58,6121.229
50.247700000002,80.248600000008,102.67,6121.232
50.247800000002,80.248700000008,102.75,6121.289
50.248000000002,80.248900000008,102.8,6121.354
50.248200000002,80.249000000008,102.9,6121.43
50.248400000002,80.249100000008,103,6121.469
50.248600000002,80.249300000008,103.02,6121.514
50.248700000002,80.249400000008,103.1,6121.608
50.248900000002,80.249500000008,103.12,6121.668
50.249000000002,80.249700000008,103.19,6121.719
50.249100000002,80.249800000008,103.2,6121.74
50.249300000002,80.249900000008,103.29,6121.798
50.249500000002,80.250100000008,103.33,6121.88
50.249600000002,80.250200000008,103.36,6121.977
50.249800000002,80.250300000008,103.41,6121.983
50.250000000002,80.250400000008,103.51,6122.022
50.250100000002,80.250500000008,103.61,6122.108
50.250200000002,80.250700000008,103.65,6122.154
50.250400000002,80.250800000008,103.72,6122.244
50.250600000002,80.251000000008,103.77,6122.32
50.250700000002,80.251200000008,103.83,6122.362
50.250800000002,80.251400000008,103.87,6122.456
50.250900000002,80.251600000008,103.97,6122.544
50.251100000002,80.251800000008,104,6122.586
50.251200000002,80.251900000008,104.03,6122.607
50.251400000002,80.252100000008,104.1,6122.684
50.251500000002,80.252200000008,104.17,6122.779
50.251700000002,80.252300000008,104.24,6122.795
50.251900000002,80.252400000008,104.3,6122.895
50.252000000002,80.252600000008,104.4,6122.913
50.252200000002,80.252800000008,104.41,6122.982
50.252400000002,80.252900000008,104.43,6123.081
50.252600000002,80.253000000008,104.45,6123.121
50.252700000002,80.253200000008,104.47,6123.128
50.252800000002,80.253400000008,104.48,6123.13
50.253000000002,80.253600000008,104.5,6123.218
50.253200000002,80.253800000008,104.59,6123.22
50.253400000002,80.254000000008,104.61,6123.261
50.253600000002,80.254100000008,104.62,6123.321
50.253800000002,80.254200000008,104.68,6123.331
50.254000000002,80.254400000008,104.73,6123.389
50.254200000002,80.254600000008,104.8,6123.47
50.254300000002,80.254800000008,104.89,6123.51
50.254400000002,80.255000000008,104.92,6123.544
50.254600000002,80.255100000008,104.96,6123.585
50.254800000002,80.255300000008,105.05,6123.649
50.255000000002,80.255500000008,105.08,6123.679
50.255100000002,80.255700000008,105.12,6123.747
50.255300000002,80.255900000008,105.15,6123.768
50.255500000002,80.256100000008,105.16,6123.867
50.255700000002,80.256300000008,105.2,6123.958
50.255900000002,80.256500000008,105.23,6124.013
50.256100000002,80.256700000008,105.33,6124.084
50.256200000002,80.256900000008,105.37,6124.171
50.256400000002,80.257100000009,105.39,6124.249
50.256500000002,80.257300000009,105.44,6124.347
50.256600000002,80.257500000009,105.46,6124.445
50.256800000002,80.257600000009,105.56,6124.462
50.256900000002,80.257700000009,105.57,6124.546
50.257100000002,80.257800000009,105.61,6124.623
50.257300000002,80.257900000009,105.66,6124.624
50.257400000002,80.258100000009,105.75,6124.701
50.257500000002,80.258200000009,105.81,6124.779
50.257700000002,80.258300000009,105.89,6124.782
50.257900000002,80.258500000009,105.99,6124.816
50.258000000002,80.258700000009,106.04,6124.83
50.258100000002,80.258900000009,106.14,6124.858
50.258300000002,80.259000000009,106.15,6124.936
50.258500000002,80.259100000009,106.23,6125.016
50.258600000002,80.259300000009,106.29,6125.086
50.258800000002,80.259400000009,106.34,6125.112
50.258900000002,80.259500000009,106.37,6125.195
50.259000000002,80.259600000009,106.39,6125.222
50.259100000002,80.259800000009,106.43,6125.273
50.259200000002,80.259900000009,106.51,6125.284
50.259400000002,80.260100000009,106.6,6125.327
50.259500000002,80.260300000009,106.63,6125.389
50.259600000002,80.260500000009,106.67,6125.487
50.259800000002,80.260700000009,106.7,6125.587
50.259900000002,80.260800000009,106.79,6125.605
50.260100000002,80.261000000009,106.84,6125.703
50.260300000002,80.261200000009,106.89,6125.788
50.260400000002,80.261300000009,106.99,6125.883
50.260500000002,80.261500000009,107.03,6125.92
50.260600000002,80.261700000009,107.13,6125.999
50.260700000002,80.261800000009,107.21,6126.023
50.260800000002,80.262000000009,107.24,6126.034
50.260900000002,80.262100000009,107.27,6126.059
50.261000000002,80.262300000009,107.3,6126.123
50.261200000002,80.262500000009,107.35,6126.203
50.261400000002,80.262600000009,107.43,6126.303
50.261500000002,80.262700000009,107.47,6126.375
50.261700000002,80.262800000009,107.52,6126.377
50.261900000002,80.262900000009,107.55,6126.448
50.262000000002,80.263000000009,107.64,6126.52
50.262200000002,80.263100000009,107.74,6126.573
50.262400000002,80.263200000009,107.76,6126.615
50.262600000002,80.263400000009,107.79,6126.695
50.262700000002,80.263600000009,107.87,6126.723
50.262800000002,80.263700000009,107.97,6126.793
50.262900000002,80.263800000009,108.05,6126.803
50.263100000002,80.264000000009,108.14,6126.9
50.263200000002,80.264200000009,108.21,6126.995
50.263400000002,80.264400000009,108.26,6127.052
50.263600000002,80.264600000009,108.36,6127.121
50.263700000003,80.264700000009,108.41,6127.151
50.263800000003,80.264800000009,108.47,6127.166
50.263900000003,80.265000000009,108.56,6127.255
50.264000000003,80.265200000009,108.66,6127.331
50.264200000003,80.265400000009,108.74,6127.426
50.264300000003,80.265500000009,108.83,6127.439
50.264400000003,80.265600000009,108.9,6127.527
50.264600000003,80.265800000009,108.96,6127.549
50.264800000003,80.265900000009,109.02,6127.646
50.264900000003,80.266000000009,109.04,6127.72
50.265100000003,80.266200000009,109.11,6127.786
50.265300000003,80.266400000009,109.16,6127.788
50.265400000003,80.266500000009,109.26,6127.868
50.265600000003,80.266700000009,109.36,6127.93
50.265700000003,80.266900000009,109.41,6127.946
50.265800000003,80.267000000009,109.45,6127.958
50.265900000003,80.267200000009,109.46,6128
50.266100000003,80.267300000009,109.48,6128.058
50.266200000003,80.267500000009,109.51,6128.122
50.266300000003,80.267700000009,109.58,6128.201
50.266500000003,80.267900000009,109.64,6128.236
50.266600000003,80.268000000009,109.74,6128.298
50.266700000003,80.268100000009,109.82,6128.335
50.266800000003,80.268200000009,109.87,6128.395
50.266900000003,80.268400000009,109.88,6128.491
50.267100000003,80.268500000009,109.94,6128.578
50.267300000003,80.268700000009,109.99,6128.614
50.267400000003,80.268800000009,110.01,6128.634
50.267600000003,80.269000000009,110.07,6128.65
50.267700000003,80.269100000009,110.15,6128.679
50.267900000003,80.269300000009,110.22,6128.723
50.268100000003,80.269400000009,110.23,6128.791
50.268300000003,80.269500000009,110.3,6128.831
50.268400000003,80.269600000009,110.33,6128.85
50.268600000003,80.269800000009,110.39,6128.884
50.268800000003,80.270000000009,110.45,6128.946
50.268900000003,80.270100000009,110.53,6129.003
50.269100000003,80.270300000009,110.62,6129.052
50.269200000003,80.270400000009,110.72,6129.127
50.269400000003,80.270600000009,110.77,6129.155
50.269500000003,80.270700000009,110.84,6129.18
50.269600000003,80.270900000009,110.89,6129.194
50.269800000003,80.271100000009,110.94,6129.251
50.270000000003,80.271300000009,110.96,6129.253
50.270100000003,80.271500000009,111.02,6129.315
50.270300000003,80.271600000009,111.04,6129.375
50.270500000003,80.271700000009,111.08,6129.428
50.270700000003,80.271900000009,111.17,6129.429
50.270900000003,80.272000000009,111.2,6129.433
50.271000000003,80.272200000009,111.22,6129.442
50.271200000003,80.272400000009,111.29,6129.47
50.271400000003,80.272600000009,111.32,6129.541
50.271600000003,80.272800000009,111.36,6129.573
50.271700000003,80.272900000009,111.46,6129.595
50.271800000003,80.273000000009,111.54,6129.64
50.271900000003,80.273200000009,111.59,6129.726
50.272000000003,80.273400000009,111.68,6129.769
50.272100000003,80.273500000009,111.74,6129.869
50.272300000003,80.273600000009,111.77,6129.906
50.272400000003,80.273800000009,111.78,6129.987
50.272500000003,80.273900000009,111.8,6130.06
50.272700000003,80.274000000009,111.9,6130.086
50.272800000003,80.274200000009,111.98,6130.12
50.272900000003,80.274300000009,112,6130.144
50.273100000003,80.274400000009,112.07,6130.162
50.273200000003,80.274500000009,112.09,6130.249
50.273300000003,80.274600000009,112.12,6130.283
50.273500000003,80.274700000009,112.14,6130.326
50.273700000003,80.274800000009,112.16,6130.375
50.273800000003,80.274900000009,112.24,6130.435
50.274000000003,80.275000000009,112.34,6130.534
50.274200000003,80.275100000009,112.37,6130.576
50.274300000003,80.275300000009,112.43,6130.611
50.274400000003,80.275500000009,112.46,6130.65
50.274500000003,80.275600000009,112.54,6130.67
50.274700000003,80.275800000009,112.61,6130.712
50.274800000003,80.276000000009,112.7,6130.753
50.275000000003,80.276200000009,112.8,6130.816
50.275100000003,80.276400000009,112.87,6130.883
50.275200000003,80.276600000009,112.88,6130.905
50.275400000003,80.276800000009,112.94,6130.982
50.275500000003,80.277000000009,112.96,6131.044
50.275600000003,80.277200000009,113.05,6131.139
50.275800000003,80.277300000009,113.09,6131.222
50.275900000003,80.277400000009,113.12,6131.23
50.276100000003,80.277500000009,113.2,6131.327
50.276200000003,80.277600000009,113.27,6131.344
50.276300000003,80.277800000009,113.31,6131.43
50.276400000003,80.278000000009,113.38,6131.511
50.276600000003,80.278200000009,113.43,6131.604
50.276800000003,80.278300000009,113.52,6131.64
50.277000000003,80.278400000009,113.54,6131.729
50.277100000003,80.278500000009,113.64,6131.765
50.277300000003,80.278700000009,113.68,6131.843
50.277500000003,80.278900000009,113.78,6131.855
50.277700000003,80.279000000009,113.88,6131.862
50.277800000003,80.279200000009,113.97,6131.961
50.277900000003,80.279300000009,114.07,6131.963
50.278100000003,80.279500000009,114.11,6131.984
50.278200000003,80.279700000009,114.12,6132.032
50.278400000003,80.279800000009,114.21,6132.092
50.278600000003,80.279900000009,114.25,6132.161
50.278700000003,80.280000000009,114.33,6132.242
50.278900000003,80.280200000009,114.42,6132.332
50.279000000003,80.280400000009,114.51,6132.407
50.279100000003,80.280600000009,114.59,6132.463
50.279300000003,80.280700000009,114.67,6132.521
50.279500000003,80.280900000009,114.68,6132.587
50.279700000003,80.281100000009,114.71,6132.646
50.279800000003,80.281300000009,114.74,6132.664
50.280000000003,80.281400000009,114.84,6132.72
50.280200000003,80.281600000009,114.89,6132.742
50.280400000003,80.281700000009,114.99,6132.803
50.280500000003,80.281900000009,115.01,6132.872
50.280700000003,80.282100000009,115.04,6132.927
50.280900000003,80.282200000009,115.07,6132.992
50.281000000003,80.282300000009,115.1,6133.018
50.281100000003,80.282400000009,115.15,6133.019
50.281300000003,80.282500000009,115.21,6133.061
50.281400000003,80.282600000009,115.28,6133.145
50.281500000003,80.282800000009,115.33,6133.19
50.281600000003,80.283000000009,115.35,6133.209
50.281800000003,80.283100000009,115.43,6133.238
50.282000000003,80.283300000009,115.53,6133.329
50.282100000003,80.283400000009,115.55,6133.376
50.282300000003,80.283600000009,115.6,6133.399
50.282500000003,80.283700000009,115.67,6133.424
50.282600000003,80.283800000009,115.68,6133.461
50.282800000003,80.284000000009,115.77,6133.48
50.282900000003,80.284200000009,115.81,6133.545
50.283000000003,80.284300000009,115.91,6133.55
50.283100000003,80.284500000009,116.01,6133.594
50.283200000003,80.284600000009,116.11,6133.661
50.283400000003,80.284700000009,116.2,6133.731
50.283500000003,80.284900000009,116.3,6133.774
50.283700000003,80.285000000009,116.38,6133.839
50.283900000003,80.285200000009,116.47,6133.904
50.284100000003,80.285300000009,116.5,6133.994
50.284200000003,80.285400000009,116.6,6134.031
50.284300000003,80.285600000009,116.69,6134.039
50.284400000003,80.285800000009,116.77,6134.11
50.284500000003,80.286000000009,116.81,6134.157
50.284600000003,80.286100000009,116.9,6134.249
50.284700000003,80.286300000009,116.96,6134.335
50.284800000003,80.286400000009,117.01,6134.421
50.285000000003,80.286600000009,117.09,6134.514
50.285200000003,80.286800000009,117.12,6134.52
50.285400000003,80.286900000009,117.14,6134.578
50.285600000003,80.28710000001,117.17,6134.665
50.285700000003,80.28730000001,117.21,6134.726
50.285900000003,80.28740000001,117.27,6134.76
50.286100000003,80.28750000001,117.29,6134.783
50.286200000003,80.28770000001,117.3,6134.792
50.286300000003,80.28790000001,117.31,6134.839
50.286500000003,80.28800000001,117.37,6134.847
50.286600000003,80.28820000001,117.44,6134.865
50.286800000003,80.28840000001,117.45,6134.964
50.287000000003,80.28850000001,117.51,6135.024
50.287200000003,80.28860000001,117.61,6135.076
50.287300000003,80.28870000001,117.69,6135.145
50.287500000003,80.28890000001,117.77,6135.174
50.287700000003,80.28910000001,117.85,6135.189
50.287800000003,80.28920000001,117.88,6135.237
50.288000000003,80.28940000001,117.95,6135.28
50.288200000003,80.28960000001,118,6135.32
50.288300000003,80.28970000001,118.1,6135.386
50.288400000003,80.28990000001,118.12,6135.42
50.288500000003,80.29010000001,118.13,6135.507
50.288700000003,80.29030000001,118.15,6135.546
50.288900000003,80.29050000001,118.21,6135.614
50.289000000003,80.29070000001,118.23,6135.623
50.289200000003,80.29090000001,118.29,6135.665
50.289300000003,80.29110000001,118.38,6135.721
50.289500000003,80.29130000001,118.41,6135.729
50.289700000003,80.29140000001,118.46,6135.807
50.289800000003,80.29150000001,118.53,6135.811
50.289900000003,80.29170000001,118.58,6135.895
50.290100000003,80.29190000001,118.64,6135.981
50.290300000003,80.29210000001,118.74,6136.014
50.290400000003,80.29220000001,118.82,6136.111
50.290500000003,80.29240000001,118.88,6136.144
50.290600000003,80.29260000001,118.93,6136.154
50.290700000003,80.29280000001,119.02,6136.195
50.290800000003,80.29300000001,119.07,6136.244
50.290900000003,80.29320000001,119.11,6136.344
50.291100000003,80.29340000001,119.2,6136.396
50.291300000003,80.29360000001,119.29,6136.494
50.291400000003,80.29380000001,119.39,6136.558
50.291500000003,80.29390000001,119.49,6136.611
50.291600000003,80.29400000001,119.56,6136.639
50.291700000003,80.29410000001,119.63,6136.682
50.291800000003,80.29420000001,119.73,6136.715
50.292000000003,80.29430000001,119.77,6136.794
50.292100000003,80.29440000001,119.8,6136.852
50.292300000003,80.29450000001,119.86,6136.874
50.292500000003,80.29460000001,119.95,6136.964
50.292700000003,80.29480000001,120,6136.976
50.292800000003,80.29490000001,120.04,6137.013
50.293000000003,80.29500000001,120.12,6137.07
50.293100000003,80.29520000001,120.21,6137.085
50.293300000003,80.29530000001,120.31,6137.087
50.293400000003,80.29540000001,120.37,6137.123
50.293500000003,80.29550000001,120.43,6137.135
50.293700000003,80.29560000001,120.44,6137.191
50.293800000003,80.29570000001,120.51,6137.236
50.293900000003,80.29580000001,120.6,6137.237
50.294000000003,80.29600000001,120.66,6137.266
50.294100000003,80.29610000001,120.71,6137.292
50.294300000003,80.29620000001,120.74,6137.299
50.294500000003,80.29640000001,120.79,6137.397
50.294700000003,80.29660000001,120.8,6137.457
50.294800000003,80.29670000001,120.82,6137.526
50.295000000003,80.29690000001,120.84,6137.625
50.295200000003,80.29710000001,120.94,6137.723
50.295400000003,80.29730000001,120.97,6137.81
50.295500000003,80.29750000001,120.99,6137.879
50.295600000003,80.29760000001,121.07,6137.946
50.295700000003,80.29770000001,121.14,6137.968
50.295800000003,80.29790000001,121.23,6138.027
50.296000000003,80.29810000001,121.26,6138.06
50.296200000003,80.29820000001,121.3,6138.124
50.296300000003,80.29830000001,121.37,6138.214
50.296500000003,80.29850000001,121.45,6138.302
50.296700000003,80.29870000001,121.51,6138.367
50.296800000003,80.29880000001,121.55,6138.415
50.296900000003,80.29900000001,121.62,6138.478
50.297100000003,80.29910000001,121.65,6138.526
50.297200000003,80.29920000001,121.74,6138.55
50.297400000003,80.29930000001,121.83,6138.573
50.297500000003,80.29940000001,121.85,6138.601
50.297600000003,80.29960000001,121.87,6138.696
50.297800000003,80.29980000001,121.93,6138.796
50.297900000003,80.30000000001,121.98,6138.844
50.298100000003,80.30010000001,122,6138.895
50.298300000003,80.30020000001,122.1,6138.908
50.298500000003,80.30040000001,122.14,6138.976
50.298700000003,80.30050000001,122.23,6139.008
50.298900000003,80.30060000001,122.29,6139.018
50.299100000003,80.30080000001,122.3,6139.082
50.299200000003,80.30100000001,122.37,6139.128
50.299400000003,80.30110000001,122.47,6139.164
50.299500000003,80.30120000001,122.56,6139.257
50.299600000003,80.30140000001,122.57,6139.273
50.299800000003,80.30150000001,122.66,6139.329
50.300000000003,80.30170000001,122.75,6139.367
50.300200000003,80.30180000001,122.8,6139.431
50.300300000003,80.30190000001,122.83,6139.496
