latitute,longitude,sinr,throughput
50.0021,80.0012,18.05,6093.036
50.0022,80.0014,18.08,6093.071
50.0024,80.0016,18.16,6093.169
50.0026,80.0017,18.18,6093.218
50.0027,80.0019,18.27,6093.24
50.0028,80.002,18.3,6093.311
50.0029,80.0022,18.33,6093.397
50.0031,80.0024,18.41,6093.481
50.0033,80.0025,18.43,6093.579
50.0035,80.0026,18.47,6093.622
50.0036,80.0027,18.51,6093.709
50.0037,80.0029,18.55,6093.771
50.0038,80.003,18.64,6093.816
50.004,80.0031,18.66,6093.909
50.0042,80.0032,18.74,6093.96
50.0043,80.0034,18.78,6093.966
50.0045,80.0036,18.79,6094.032
50.0046,80.0037,18.8,6094.045
50.0047,80.0038,18.9,6094.13
50.0048,80.0039,18.95,6094.141
50.005,80.004,19.01,6094.173
50.0051,80.0042,19.04,6094.192
50.0052,80.0043,19.11,6094.238
50.0054,80.0044,19.17,6094.27
50.0056,80.0046,19.27,6094.328
50.0058,80.0047,19.35,6094.355
50.006,80.0049,19.37,6094.407
50.0061,80.0051,19.44,6094.471
50.0063,80.0052,19.54,6094.499
50.0065,80.0053,19.59,6094.594
50.0066,80.0054,19.64,6094.673
50.0067,80.0056,19.66,6094.749
50.0068,80.0057,19.7,6094.782
50.0069,80.0058,19.76,6094.845
50.0071,80.006,19.78,6094.925
50.0072,80.0062,19.83,6094.943
50.0074,80.0063,19.88,6095.022
50.0076,80.0065,19.96,6095.101
50.0077,80.0066,20.02,6095.127
50.0078,80.0068,20.03,6095.177
50.008,80.0069,20.12,6095.263
50.0081,80.007,20.17,6095.274
50.0082,80.0072,20.26,6095.317
50.0083,80.0073,20.32,6095.346
50.0085,80.0074,20.33,6095.376
50.0087,80.0076,20.34,6095.38
50.0089,80.0078,20.37,6095.382
50.009,80.0079,20.43,6095.39
50.0092,80.008,20.53,6095.489
50.0094,80.0081,20.54,6095.577
50.0095,80.0083,20.57,6095.617
50.0096,80.0085,20.64,6095.622
50.0098,80.0087,20.68,6095.714
50.01,80.0088,20.78,6095.769
50.0101,80.0089,20.84,6095.812
50.0103,80.009,20.89,6095.828
50.0104,80.0091,20.91,6095.842
50.0106,80.0092,20.92,6095.93
50.0107,80.0093,20.95,6095.986
50.0108,80.0095,21.02,6096
50.011,80.0097,21.03,6096.032
50.0111,80.0098,21.12,6096.079
50.0112,80.0099,21.21,6096.158
50.0113,80.01,21.31,6096.244
50.0115,80.0101,21.41,6096.31
50.0116,80.0103,21.47,6096.366
50.0117,80.0105,21.49,6096.415
50.0119,80.0107,21.56,6096.465
50.0121,80.0109,21.65,6096.469
50.0123,80.0111,21.7,6096.562
50.0124,80.0112,21.78,6096.617
50.0126,80.0114,21.83,6096.675
50.0128,80.0115,21.86,6096.683
50.0129,80.0117,21.93,6096.751
50.0131,80.0119,21.95,6096.786
50.0132,80.0121,22.04,6096.798
50.0133,80.0123,22.06,6096.812
50.0134,80.0125,22.07,6096.852
50.0135,80.0127,22.17,6096.932
50.0136,80.0128,22.21,6096.951
50.0138,80.013,22.24,6096.963
50.0139,80.0132,22.32,6097.058
50.0141,80.0134,22.35,6097.068
50.0143,80.0135,22.38,6097.088
50.0145,80.0136,22.42,6097.098
50.0146,80.0137,22.47,6097.102
50.0147,80.0138,22.56,6097.165
50.0149,80.0139,22.65,6097.215
50.0151,80.014,22.72,6097.234
50.0153,80.0141,22.74,6097.294
50.0154,80.0142,22.81,6097.303
50.0156,80.0144,22.84,6097.337
50.0157,80.0146,22.89,6097.366
50.0158,80.0148,22.93,6097.388
50.0159,80.0149,23.02,6097.4
50.016,80.0151,23.09,6097.417
50.0162,80.0152,23.13,6097.483
50.0164,80.0153,23.16,6097.577
50.0166,80.0155,23.17,6097.622
50.0168,80.0156,23.25,6097.634
50.017,80.0157,23.29,6097.729
50.0171,80.0159,23.31,6097.778
50.0173,80.016100000001,23.37,6097.801
50.0175,80.016200000001,23.41,6097.835
50.0176,80.016400000001,23.51,6097.935
50.0177,80.016500000001,23.61,6097.945
50.0178,80.016700000001,23.67,6097.948
50.0179,80.016800000001,23.69,6097.965
50.0181,80.017000000001,23.71,6098.032
50.0182,80.017100000001,23.73,6098.044
50.0183,80.017300000001,23.77,6098.135
50.0185,80.017500000001,23.8,6098.168
50.0186,80.017600000001,23.84,6098.235
50.0187,80.017700000001,23.92,6098.302
50.0188,80.017800000001,23.99,6098.346
50.019,80.018000000001,24.05,6098.362
50.0191,80.018200000001,24.14,6098.422
50.0193,80.018400000001,24.22,6098.448
50.0195,80.018500000001,24.24,6098.51
50.0197,80.018600000001,24.34,6098.533
50.0199,80.018700000001,24.43,6098.546
50.02,80.018900000001,24.51,6098.615
50.0202,80.019000000001,24.53,6098.674
50.0203,80.019200000001,24.61,6098.739
50.0204,80.019400000001,24.64,6098.782
50.0206,80.019600000001,24.71,6098.803
50.0208,80.019800000001,24.8,6098.879
50.0209,80.020000000001,24.9,6098.968
50.021,80.020200000001,24.91,6099.021
50.0212,80.020400000001,24.94,6099.07
50.0213,80.020500000001,24.95,6099.126
50.0214,80.020700000001,24.98,6099.174
50.0215,80.020800000001,25.07,6099.264
50.0216,80.021000000001,25.09,6099.302
50.0217,80.021200000001,25.11,6099.369
50.0219,80.021300000001,25.17,6099.442
50.0221,80.021500000001,25.2,6099.493
50.0222,80.021600000001,25.3,6099.555
50.0224,80.021700000001,25.32,6099.64
50.0226,80.021800000001,25.36,6099.667
50.0228,80.021900000001,25.38,6099.688
50.023,80.022000000001,25.44,6099.711
50.0231,80.022200000001,25.53,6099.801
50.0233,80.022300000001,25.6,6099.881
50.0235,80.022500000001,25.63,6099.915
50.0236,80.022600000001,25.73,6099.93
50.0237,80.022700000001,25.83,6099.954
50.0238,80.022800000001,25.88,6099.985
50.024,80.023000000001,25.94,6100.02
50.0242,80.023100000001,26,6100.031
50.0244,80.023200000001,26.01,6100.092
50.0246,80.023400000001,26.05,6100.18
50.0248,80.023600000001,26.08,6100.267
50.025,80.023700000001,26.09,6100.3
50.0251,80.023800000001,26.15,6100.377
50.0252,80.023900000001,26.16,6100.465
50.0254,80.024100000001,26.19,6100.529
50.0256,80.024300000001,26.27,6100.574
50.0257,80.024500000001,26.28,6100.588
50.0258,80.024600000001,26.29,6100.677
50.0259,80.024700000001,26.37,6100.687
50.026,80.024900000001,26.42,6100.753
50.0262,80.025100000001,26.47,6100.762
50.0263,80.025200000001,26.57,6100.84
50.0264,80.025300000001,26.62,6100.913
50.0266,80.025400000001,26.64,6100.936
50.0268,80.025500000001,26.68,6100.963
50.027,80.025600000001,26.7,6101.042
50.0272,80.025800000001,26.79,6101.14
50.0274,80.025900000001,26.86,6101.18
50.0275,80.026000000001,26.91,6101.216
50.0277,80.026100000001,26.93,6101.278
50.0279,80.026300000001,26.97,6101.338
50.0281,80.026500000001,27.06,6101.395
50.0283,80.026600000001,27.15,6101.435
50.0285,80.026800000001,27.17,6101.45
50.0287,80.026900000001,27.19,6101.501
50.0288,80.027100000001,27.29,6101.569
50.029,80.027200000001,27.3,6101.605
50.0292,80.027300000001,27.4,6101.65
50.0294,80.027400000001,27.41,6101.686
50.0296,80.027600000001,27.51,6101.743
50.0297,80.027800000001,27.61,6101.801
50.0299,80.027900000001,27.69,6101.861
50.03,80.028100000001,27.7,6101.92
50.0302,80.028200000001,27.73,6101.96
50.0303,80.028300000001,27.81,6101.983
50.0304,80.028500000001,27.88,6101.997
50.0305,80.028700000001,27.93,6102.082
50.0307,80.028800000001,27.98,6102.142
50.0308,80.028900000001,28,6102.231
50.031,80.029100000001,28.05,6102.305
50.0312,80.029300000001,28.09,6102.338
50.0314,80.029500000001,28.17,6102.436
50.0316,80.029600000001,28.2,6102.469
50.0317,80.029800000001,28.25,6102.489
50.0319,80.030000000001,28.26,6102.505
50.032,80.030100000001,28.34,6102.557
50.0322,80.030300000001,28.39,6102.591
50.0324,80.030500000001,28.4,6102.648
50.0325,80.030600000001,28.49,6102.653
50.0327,80.030800000001,28.5,6102.738
50.0328,80.030900000001,28.52,6102.764
50.0329,80.031100000001,28.57,6102.833
50.0331,80.031200000001,28.66,6102.927
50.0333,80.031400000001,28.71,6103.003
50.0335,80.031600000001,28.72,6103.038
50.0337,80.031700000001,28.82,6103.059
50.0339,80.031900000001,28.85,6103.11
50.034,80.032000000001,28.89,6103.161
50.0341,80.032200000001,28.97,6103.222
50.0342,80.032300000001,29,6103.298
50.0344,80.032400000001,29.07,6103.361
50.0346,80.032500000001,29.11,6103.386
50.0347,80.032600000001,29.17,6103.462
50.0349,80.032800000001,29.27,6103.477
50.035,80.032900000001,29.34,6103.551
50.0351,80.033100000001,29.37,6103.65
50.0353,80.033300000001,29.43,6103.72
50.0354,80.033500000001,29.48,6103.81
50.0355,80.033600000001,29.54,6103.883
50.0356,80.033800000001,29.64,6103.913
50.0357,80.034000000001,29.65,6104.01
50.0358,80.034100000001,29.67,6104.049
50.0359,80.034300000001,29.69,6104.12
50.0361,80.034400000001,29.76,6104.149
50.0362,80.034500000001,29.86,6104.206
50.0363,80.034600000001,29.91,6104.22
50.0365,80.034800000001,30,6104.306
50.0367,80.035000000001,30.02,6104.331
50.0368,80.035100000001,30.05,6104.378
50.0369,80.035200000001,30.14,6104.423
50.037,80.035400000001,30.16,6104.507
50.0371,80.035600000001,30.18,6104.579
50.0372,80.035700000001,30.21,6104.603
50.0374,80.035900000001,30.25,6104.614
50.0376,80.036000000001,30.35,6104.676
50.0377,80.036100000001,30.44,6104.723
50.0378,80.036200000001,30.54,6104.778
50.0379,80.036400000001,30.64,6104.825
50.0381,80.036500000001,30.67,6104.836
50.0383,80.036600000001,30.76,6104.843
50.0385,80.036700000001,30.8,6104.849
50.0387,80.036900000001,30.82,6104.906
50.0389,80.037000000001,30.84,6105.005
50.039,80.037100000001,30.89,6105.063
50.0391,80.037200000001,30.91,6105.113
50.0392,80.037300000001,31.01,6105.204
50.0393,80.037400000001,31.02,6105.225
50.0395,80.037600000001,31.05,6105.245
50.0397,80.037800000001,31.08,6105.321
50.0398,80.037900000001,31.12,6105.339
50.04,80.038100000001,31.14,6105.417
50.0402,80.038300000001,31.18,6105.481
50.0404,80.038400000001,31.2,6105.494
50.0406,80.038500000001,31.21,6105.575
50.0407,80.038600000001,31.22,6105.578
50.0409,80.038700000001,31.25,6105.658
50.0411,80.038800000001,31.31,6105.672
50.0413,80.039000000001,31.35,6105.714
50.0414,80.039100000001,31.37,6105.805
50.0415,80.039300000001,31.43,6105.812
50.0417,80.039500000001,31.45,6105.868
50.0419,80.039600000001,31.49,6105.88
50.042,80.039700000001,31.51,6105.896
50.0422,80.039800000001,31.61,6105.95
50.0424,80.039900000001,31.68,6106.021
50.0425,80.040100000001,31.7,6106.095
50.0426,80.040200000001,31.77,6106.149
50.0428,80.040300000001,31.83,6106.232
50.043,80.040500000001,31.87,6106.296
50.0431,80.040700000001,31.95,6106.326
50.0432,80.040900000001,32,6106.406
50.0433,80.041000000001,32.04,6106.415
50.0435,80.041100000001,32.12,6106.441
50.0437,80.041300000001,32.22,6106.485
50.0438,80.041500000001,32.32,6106.491
50.044,80.041700000001,32.41,6106.561
50.0441,80.041800000001,32.45,6106.597
50.0442,80.041900000001,32.52,6106.611
50.0444,80.042000000001,32.62,6106.637
50.0445,80.042100000001,32.66,6106.674
50.0446,80.042200000001,32.73,6106.698
50.0447,80.042400000001,32.8,6106.726
50.0448,80.042600000001,32.84,6106.733
50.0449,80.042700000001,32.92,6106.787
50.045,80.042800000001,33.01,6106.836
50.0451,80.043000000001,33.08,6106.856
50.0453,80.043200000001,33.13,6106.867
50.0455,80.043400000001,33.18,6106.874
50.0457,80.043500000001,33.22,6106.973
50.0459,80.043700000001,33.25,6107.065
50.0461,80.043900000001,33.35,6107.145
50.0463,80.044100000001,33.39,6107.174
50.0465,80.044200000001,33.47,6107.178
50.0467,80.044300000001,33.5,6107.217
50.0469,80.044500000001,33.55,6107.29
50.047,80.044700000001,33.63,6107.328
50.0471,80.044800000001,33.67,6107.399
50.0472,80.045000000001,33.74,6107.466
50.0473,80.045200000001,33.79,6107.47
50.0474,80.045400000001,33.83,6107.489
50.0476,80.045500000001,33.86,6107.565
50.0477,80.045600000001,33.88,6107.605
50.0478,80.045800000001,33.9,6107.664
50.048,80.046000000001,34,6107.726
50.0482,80.046100000002,34.04,6107.732
50.0484,80.046300000002,34.12,6107.749
50.0486,80.046400000002,34.14,6107.839
50.0488,80.046600000002,34.15,6107.934
50.049,80.046700000002,34.23,6107.941
50.0492,80.046900000002,34.28,6108.03
50.0493,80.047100000002,34.33,6108.036
50.0494,80.047200000002,34.4,6108.085
50.0496,80.047400000002,34.46,6108.155
50.0498,80.047500000002,34.55,6108.204
50.0499,80.047600000002,34.59,6108.242
50.0501,80.047700000002,34.63,6108.259
50.0503,80.047800000002,34.66,6108.312
50.0505,80.048000000002,34.71,6108.346
50.0506,80.048200000002,34.75,6108.424
50.0507,80.048300000002,34.78,6108.429
50.0508,80.048500000002,34.86,6108.528
50.0509,80.048700000002,34.91,6108.577
50.0511,80.048900000002,35,6108.6
50.0512,80.049000000002,35.04,6108.608
50.0513,80.049200000002,35.1,6108.615
50.0514,80.049300000002,35.14,6108.675
50.0516,80.049500000002,35.18,6108.693
50.0518,80.049700000002,35.21,6108.781
50.0519,80.049900000002,35.3,6108.831
50.0521,80.050000000002,35.4,6108.853
50.0522,80.050200000002,35.45,6108.903
50.0523,80.050400000002,35.51,6108.925
50.0524,80.050500000002,35.54,6109.001
50.0525,80.050700000002,35.58,6109.006
50.0526,80.050900000002,35.61,6109.035
50.0527,80.051000000002,35.63,6109.117
50.0528,80.051100000002,35.67,6109.214
50.0529,80.051200000002,35.69,6109.269
50.053,80.051400000002,35.7,6109.283
50.0531,80.051600000002,35.74,6109.371
50.0533,80.051800000002,35.81,6109.468
50.053400000001,80.052000000002,35.82,6109.543
50.053600000001,80.052100000002,35.83,6109.553
50.0538,80.052200000002,35.93,6109.562
50.053900000001,80.052300000002,35.94,6109.622
50.054100000001,80.052400000002,35.96,6109.686
50.054300000001,80.052500000002,36.04,6109.714
50.054500000001,80.052600000002,36.06,6109.774
50.054700000001,80.052800000002,36.12,6109.778
50.054900000001,80.053000000002,36.2,6109.828
50.055100000001,80.053200000002,36.26,6109.879
50.055200000001,80.053300000002,36.32,6109.905
50.055400000001,80.053500000002,36.41,6109.927
50.055600000001,80.053700000002,36.5,6109.998
50.055700000001,80.053900000002,36.6,6110.094
50.055900000001,80.054000000002,36.66,6110.141
50.056100000001,80.054100000002,36.71,6110.208
50.056300000001,80.054200000002,36.73,6110.26
50.056400000001,80.054400000002,36.74,6110.272
50.056500000001,80.054600000002,36.78,6110.369
50.056600000001,80.054700000002,36.8,6110.38
50.056700000001,80.054800000002,36.89,6110.415
50.056900000001,80.055000000002,36.92,6110.452
50.057100000001,80.055200000002,37.01,6110.533
50.057300000001,80.055300000002,37.06,6110.599
50.057500000001,80.055500000002,37.08,6110.67
50.057600000001,80.055600000002,37.17,6110.734
50.057800000001,80.055700000002,37.24,6110.737
50.057900000001,80.055900000002,37.26,6110.795
50.058100000001,80.056100000002,37.36,6110.839
50.058300000001,80.056200000002,37.45,6110.903
50.058400000001,80.056400000002,37.5,6110.906
50.058600000001,80.056600000002,37.57,6110.966
50.058800000001,80.056800000002,37.6,6111.06
50.058900000001,80.056900000002,37.66,6111.139
50.059000000001,80.057000000002,37.75,6111.209
50.059200000001,80.057200000002,37.78,6111.285
50.059400000001,80.057300000002,37.8,6111.347
50.059500000001,80.057500000002,37.83,6111.394
50.059700000001,80.057700000002,37.88,6111.456
50.059900000001,80.057800000002,37.91,6111.472
50.060100000001,80.058000000002,37.92,6111.572
50.060300000001,80.058200000002,38,6111.666
50.060500000001,80.058400000002,38.07,6111.744
50.060700000001,80.058600000002,38.13,6111.786
50.060800000001,80.058800000002,38.14,6111.837
50.061000000001,80.058900000002,38.24,6111.873
50.061200000001,80.059000000002,38.34,6111.932
50.061400000001,80.059100000002,38.42,6111.991
50.061600000001,80.059300000002,38.48,6112.023
50.061700000001,80.059400000002,38.51,6112.054
50.061900000001,80.059600000002,38.52,6112.102
50.062100000001,80.059800000002,38.61,6112.191
50.062200000001,80.060000000002,38.65,6112.197
50.062300000001,80.060100000002,38.7,6112.216
50.062500000001,80.060200000002,38.78,6112.257
50.062700000001,80.060300000002,38.88,6112.283
50.062800000001,80.060500000002,38.94,6112.362
50.063000000001,80.060700000002,38.95,6112.452
50.063200000001,80.060800000002,38.99,6112.501
50.063400000001,80.060900000002,39.03,6112.513
50.063500000001,80.061100000002,39.05,6112.553
50.063600000001,80.061300000002,39.11,6112.646
50.063800000001,80.061400000002,39.15,6112.701
50.064000000001,80.061500000002,39.23,6112.715
50.064200000001,80.061600000002,39.33,6112.801
50.064300000001,80.061700000002,39.41,6112.891
50.064400000001,80.061800000002,39.45,6112.986
50.064500000001,80.062000000002,39.46,6113.042
50.064700000001,80.062100000002,39.56,6113.107
50.064900000001,80.062300000002,39.62,6113.186
50.065100000001,80.062500000002,39.66,6113.255
50.065200000001,80.062600000002,39.75,6113.269
50.065300000001,80.062800000002,39.85,6113.338
50.065500000001,80.063000000002,39.91,6113.43
50.065700000001,80.063200000002,40,6113.451
50.065900000001,80.063400000002,40.08,6113.475
50.066000000001,80.063600000002,40.17,6113.573
50.066100000001,80.063700000002,40.25,6113.581
50.066200000001,80.063800000002,40.33,6113.638
50.066300000001,80.064000000002,40.4,6113.709
50.066400000001,80.064200000002,40.44,6113.717
50.066500000001,80.064400000002,40.54,6113.742
50.066700000001,80.064600000002,40.59,6113.805
50.066900000001,80.064700000002,40.68,6113.9
50.067100000001,80.064900000002,40.78,6113.916
50.067200000001,80.065100000002,40.81,6113.966
50.067400000001,80.065300000002,40.82,6114.064
50.067600000001,80.065500000002,40.89,6114.154
50.067700000001,80.065600000002,40.99,6114.24
50.067800000001,80.065800000002,41,6114.334
50.068000000001,80.066000000002,41.06,6114.394
50.068200000001,80.066100000002,41.12,6114.464
50.068300000001,80.066200000002,41.21,6114.494
50.068400000001,80.066300000002,41.29,6114.587
50.068500000001,80.066500000002,41.38,6114.652
50.068700000001,80.066700000002,41.44,6114.658
50.068900000001,80.066900000002,41.54,6114.723
50.069000000001,80.067000000002,41.6,6114.751
50.069200000001,80.067100000002,41.69,6114.784
50.069400000001,80.067200000002,41.7,6114.853
50.069600000001,80.067400000002,41.8,6114.859
50.069800000001,80.067600000002,41.9,6114.861
50.070000000001,80.067800000002,41.97,6114.885
50.070100000001,80.067900000002,42,6114.892
50.070300000001,80.068000000002,42.08,6114.91
50.070400000001,80.068100000002,42.13,6114.985
50.070500000001,80.068200000002,42.14,6115.083
50.070700000001,80.068300000002,42.21,6115.149
50.070900000001,80.068500000002,42.29,6115.241
50.071000000001,80.068700000002,42.39,6115.244
50.071200000001,80.068900000002,42.42,6115.343
50.071400000001,80.069100000002,42.43,6115.394
50.071600000001,80.069300000002,42.5,6115.487
50.071700000001,80.069400000002,42.57,6115.535
50.071800000001,80.069600000002,42.62,6115.558
50.072000000001,80.069700000002,42.71,6115.638
50.072200000001,80.069900000002,42.79,6115.651
50.072300000001,80.070100000002,42.81,6115.731
50.072400000001,80.070200000002,42.89,6115.735
50.072600000001,80.070400000002,42.95,6115.806
50.072800000001,80.070500000002,43.02,6115.869
50.072900000001,80.070600000002,43.03,6115.954
50.073000000001,80.070800000002,43.04,6116.043
50.073200000001,80.071000000002,43.11,6116.078
50.073400000001,80.071100000002,43.16,6116.157
50.073500000001,80.071300000002,43.22,6116.185
50.073600000001,80.071400000002,43.26,6116.285
50.073700000001,80.071600000002,43.33,6116.362
50.073800000001,80.071700000002,43.37,6116.408
50.074000000001,80.071800000002,43.4,6116.478
50.074100000001,80.071900000002,43.46,6116.543
50.074200000001,80.072000000002,43.56,6116.628
50.074400000001,80.072100000002,43.63,6116.699
50.074500000001,80.072200000002,43.73,6116.709
50.074700000001,80.072300000002,43.74,6116.784
50.074800000001,80.072500000002,43.8,6116.807
50.074900000001,80.072700000002,43.87,6116.884
50.075000000001,80.072900000002,43.92,6116.924
50.075100000001,80.073000000002,43.93,6116.991
50.075200000001,80.073100000002,43.99,6117.091
50.075300000001,80.073200000002,44.06,6117.147
50.075400000001,80.073400000002,44.13,6117.237
50.075600000001,80.073600000002,44.2,6117.248
50.075800000001,80.073700000002,44.24,6117.314
50.075900000001,80.073800000002,44.29,6117.358
50.076100000001,80.074000000002,44.38,6117.392
50.076300000001,80.074200000002,44.48,6117.419
50.076500000001,80.074300000002,44.51,6117.459
50.076700000001,80.074500000002,44.61,6117.555
50.076900000001,80.074700000002,44.7,6117.614
50.077000000001,80.074800000002,44.77,6117.701
50.077200000001,80.074900000002,44.83,6117.772
50.077300000001,80.075100000002,44.85,6117.773
50.077500000001,80.075300000002,44.89,6117.849
50.077700000001,80.075400000002,44.9,6117.927
50.077900000001,80.075500000002,44.92,6117.973
50.078000000001,80.075600000002,44.97,6118.057
50.078200000001,80.075700000002,45.02,6118.064
50.078400000001,80.075800000002,45.12,6118.105
50.078500000001,80.075900000002,45.14,6118.119
50.078600000001,80.076000000002,45.16,6118.141
50.078700000001,80.076100000002,45.26,6118.151
50.078900000001,80.076300000003,45.35,6118.216
50.079000000001,80.076400000003,45.37,6118.264
50.079100000001,80.076600000003,45.41,6118.354
50.079300000001,80.076800000003,45.51,6118.408
50.079500000001,80.077000000003,45.61,6118.503
50.079600000001,80.077100000003,45.62,6118.578
50.079700000001,80.077200000003,45.72,6118.632
50.079900000001,80.077400000003,45.79,6118.683
50.080100000001,80.077600000003,45.81,6118.701
50.080300000001,80.077700000003,45.88,6118.775
50.080500000001,80.077900000003,45.95,6118.83
50.080700000001,80.078100000003,45.96,6118.884
50.080900000001,80.078200000003,46.01,6118.97
50.081000000001,80.078400000003,46.08,6119.007
50.081200000001,80.078600000003,46.18,6119.055
50.081300000001,80.078800000003,46.28,6119.096
50.081400000001,80.078900000003,46.34,6119.158
50.081500000001,80.079000000003,46.38,6119.174
50.081600000001,80.079200000003,46.45,6119.266
50.081800000001,80.079400000003,46.5,6119.274
50.082000000001,80.079600000003,46.6,6119.361
50.082200000001,80.079800000003,46.63,6119.39
50.082300000001,80.079900000003,46.71,6119.449
50.082500000001,80.080100000003,46.81,6119.524
50.082700000001,80.080300000003,46.85,6119.549
50.082900000001,80.080500000003,46.89,6119.553
50.083100000001,80.080600000003,46.99,6119.58
50.083300000001,80.080700000003,47.03,6119.648
50.083400000001,80.080800000003,47.09,6119.734
50.083600000001,80.081000000003,47.11,6119.826
50.083800000001,80.081200000003,47.17,6119.885
50.084000000001,80.081300000003,47.21,6119.934
50.084100000001,80.081500000003,47.29,6120.024
50.084200000001,80.081600000003,47.39,6120.033
50.084300000001,80.081800000003,47.43,6120.043
50.084400000001,80.082000000003,47.51,6120.106
50.084600000001,80.082100000003,47.56,6120.187
50.084700000001,80.082300000003,47.64,6120.283
50.084900000001,80.082400000003,47.7,6120.296
50.085100000001,80.082600000003,47.77,6120.375
50.085300000001,80.082700000003,47.84,6120.472
50.085400000001,80.082900000003,47.85,6120.54
50.085500000001,80.083000000003,47.93,6120.615
50.085600000001,80.083200000003,47.97,6120.625
50.085800000001,80.083400000003,48.06,6120.713
50.085900000001,80.083600000003,48.15,6120.809
50.086100000001,80.083700000003,48.16,6120.864
50.086200000001,80.083900000003,48.2,6120.946
50.086300000001,80.084000000003,48.28,6120.994
50.086500000001,80.084200000003,48.3,6121.002
50.086600000001,80.084400000003,48.39,6121.039
50.086700000001,80.084500000003,48.44,6121.064
50.086800000001,80.084600000003,48.46,6121.113
50.087000000001,80.084800000003,48.51,6121.194
50.087100000001,80.085000000003,48.55,6121.251
50.087200000001,80.085200000003,48.59,6121.272
50.087400000001,80.085300000003,48.66,6121.302
50.087500000001,80.085500000003,48.7,6121.328
50.087700000001,80.085600000003,48.77,6121.344
50.087800000001,80.085700000003,48.81,6121.386
50.087900000001,80.085900000003,48.9,6121.428
50.088000000001,80.086000000003,48.93,6121.506
50.088200000001,80.086200000003,48.97,6121.509
50.088300000001,80.086400000003,49,6121.603
50.088500000001,80.086600000003,49.03,6121.694
50.088700000001,80.086800000003,49.05,6121.741
50.088900000001,80.087000000003,49.12,6121.759
50.089100000001,80.087100000003,49.18,6121.791
50.089300000001,80.087200000003,49.26,6121.889
50.089500000001,80.087400000003,49.34,6121.953
50.089700000001,80.087500000003,49.41,6122.03
50.089900000001,80.087700000003,49.48,6122.105
50.090100000001,80.087900000003,49.55,6122.161
50.090300000001,80.088100000003,49.56,6122.195
50.090500000001,80.088300000003,49.62,6122.242
50.090700000001,80.088400000003,49.7,6122.259
50.090900000001,80.088600000003,49.72,6122.298
50.091000000001,80.088800000003,49.73,6122.396
50.091100000001,80.089000000003,49.81,6122.481
50.091300000001,80.089100000003,49.87,6122.522
50.091400000001,80.089200000003,49.97,6122.613
50.091500000001,80.089400000003,50,6122.678
50.091700000001,80.089600000003,50.02,6122.704
50.091900000001,80.089800000003,50.07,6122.746
50.092000000001,80.090000000003,50.15,6122.833
50.092100000001,80.090200000003,50.24,6122.88
50.092200000001,80.090400000003,50.28,6122.888
50.092300000001,80.090600000003,50.33,6122.927
50.092400000001,80.090700000003,50.36,6122.946
50.092500000001,80.090900000003,50.45,6122.95
50.092600000001,80.091100000003,50.48,6122.961
50.092800000001,80.091300000003,50.54,6122.984
50.092900000001,80.091400000003,50.55,6123.056
50.093000000001,80.091600000003,50.57,6123.118
50.093100000001,80.091700000003,50.64,6123.17
50.093200000001,80.091800000003,50.73,6123.224
50.093400000001,80.091900000003,50.81,6123.228
50.093600000001,80.092100000003,50.82,6123.325
50.093700000001,80.092200000003,50.83,6123.356
50.093800000001,80.092400000003,50.89,6123.387
50.094000000001,80.092600000003,50.9,6123.389
50.094200000001,80.092700000003,50.97,6123.393
50.094400000001,80.092800000003,51.03,6123.404
50.094500000001,80.092900000003,51.1,6123.415
50.094700000001,80.093000000003,51.12,6123.45
50.094900000001,80.093100000003,51.16,6123.491
50.095100000001,80.093200000003,51.24,6123.553
50.095300000001,80.093300000003,51.34,6123.639
50.095500000001,80.093500000003,51.43,6123.68
50.095600000001,80.093600000003,51.48,6123.766
50.095800000001,80.093800000003,51.58,6123.797
50.095900000001,80.094000000003,51.63,6123.806
50.096100000001,80.094200000003,51.68,6123.896
50.096300000001,80.094400000003,51.71,6123.929
50.096400000001,80.094500000003,51.81,6123.937
50.096500000001,80.094700000003,51.91,6123.949
50.096700000001,80.094900000003,51.97,6124.045
50.096800000001,80.095100000003,52.06,6124.055
50.097000000001,80.095300000003,52.1,6124.096
50.097100000001,80.095500000003,52.15,6124.131
50.097200000001,80.095700000003,52.18,6124.144
50.097400000001,80.095900000003,52.23,6124.22
50.097600000001,80.096000000003,52.32,6124.301
50.097700000001,80.096200000003,52.42,6124.306
50.097900000001,80.096300000003,52.52,6124.39
50.098000000001,80.096500000003,52.62,6124.428
50.098200000001,80.096600000003,52.7,6124.524
50.098300000001,80.096700000003,52.74,6124.573
50.098400000001,80.096900000003,52.81,6124.657
50.098500000001,80.097000000003,52.87,6124.721
50.098600000001,80.097100000003,52.92,6124.791
50.098700000001,80.097200000003,53,6124.863
50.098900000001,80.097400000003,53.06,6124.886
50.099100000001,80.097500000003,53.13,6124.898
50.099300000001,80.097600000003,53.14,6124.993
50.099500000001,80.097700000003,53.19,6125.079
50.099700000001,80.097800000003,53.26,6125.179
50.099800000001,80.097900000003,53.33,6125.235
50.100000000001,80.098000000003,53.36,6125.32
50.100100000001,80.098200000003,53.42,6125.347
50.100300000001,80.098300000003,53.47,6125.372
50.100500000001,80.098400000003,53.51,6125.415
50.100600000001,80.098500000003,53.55,6125.431
50.100800000001,80.098700000003,53.56,6125.502
50.101000000001,80.098900000003,53.64,6125.598
50.101200000001,80.099000000003,53.7,6125.664
50.101300000001,80.099200000003,53.76,6125.751
50.101500000001,80.099300000003,53.78,6125.797
50.101600000001,80.099500000003,53.85,6125.877
50.101800000001,80.099600000003,53.88,6125.897
50.101900000001,80.099800000003,53.92,6125.924
50.102000000001,80.099900000003,54.02,6125.949
50.102100000001,80.100100000003,54.05,6125.953
50.102200000001,80.100300000003,54.12,6125.996
50.102300000001,80.100400000003,54.15,6126.018
50.102400000001,80.100500000003,54.22,6126.063
50.102500000001,80.100600000003,54.25,6126.136
50.102600000001,80.100700000003,54.35,6126.226
50.102700000001,80.100800000003,54.37,6126.272
50.102900000001,80.100900000003,54.44,6126.342
50.103100000001,80.101100000003,54.52,6126.422
50.103300000001,80.101200000003,54.55,6126.431
50.103500000001,80.101300000003,54.58,6126.519
50.103700000001,80.101500000003,54.62,6126.612
50.103800000001,80.101700000003,54.69,6126.686
50.103900000001,80.101900000003,54.76,6126.694
50.104100000001,80.102100000003,54.82,6126.741
50.104300000001,80.102200000003,54.84,6126.811
50.104400000001,80.102400000003,54.89,6126.884
50.104500000001,80.102600000003,54.98,6126.976
50.104600000001,80.102700000003,55.06,6126.987
50.104700000001,80.102800000003,55.07,6127.027
50.104900000001,80.103000000003,55.09,6127.096
50.105000000001,80.103200000003,55.17,6127.105
50.105200000001,80.103300000003,55.23,6127.15
50.105400000001,80.103500000003,55.25,6127.212
50.105600000001,80.103700000003,55.29,6127.303
50.105700000001,80.103800000003,55.38,6127.357
50.105800000001,80.104000000003,55.45,6127.391
50.106000000001,80.104200000003,55.53,6127.429
50.106100000001,80.104400000003,55.54,6127.489
50.106300000001,80.104600000003,55.61,6127.507
50.106400000001,80.104700000003,55.68,6127.567
50.106600000001,80.104900000003,55.71,6127.623
50.106700000001,80.105100000003,55.76,6127.696
50.106900000001,80.105200000003,55.79,6127.796
50.107100000001,80.105400000003,55.83,6127.859
50.107300000001,80.105500000003,55.93,6127.951
50.107500000001,80.105600000003,55.99,6128.007
50.107700000001,80.105700000003,56.07,6128.104
50.107800000001,80.105800000003,56.13,6128.145
50.107900000001,80.106000000003,56.23,6128.196
50.108000000001,80.106100000003,56.26,6128.204
50.108200000001,80.106300000004,56.27,6128.267
50.108300000001,80.106400000004,56.3,6128.365
50.108400000001,80.106500000004,56.39,6128.404
50.108500000001,80.106600000004,56.49,6128.422
50.108700000001,80.106800000004,56.51,6128.428
50.108800000001,80.107000000004,56.56,6128.441
50.108900000001,80.107100000004,56.63,6128.527
50.109100000001,80.107300000004,56.73,6128.585
50.109200000001,80.107500000004,56.76,6128.662
50.109300000001,80.107600000004,56.84,6128.747
50.109500000001,80.107800000004,56.87,6128.748
50.109600000001,80.107900000004,56.89,6128.812
50.109800000001,80.108000000004,56.96,6128.896
50.109900000001,80.108100000004,57.06,6128.951
50.110100000001,80.108300000004,57.1,6128.994
50.110200000001,80.108400000004,57.11,6129.077
50.110300000001,80.108500000004,57.17,6129.147
50.110500000001,80.108600000004,57.23,6129.184
50.110700000001,80.108800000004,57.27,6129.284
50.110900000001,80.109000000004,57.34,6129.359
50.111100000001,80.109100000004,57.4,6129.453
50.111200000001,80.109300000004,57.45,6129.458
50.111300000001,80.109500000004,57.5,6129.516
50.111400000001,80.109600000004,57.54,6129.568
50.111600000001,80.109800000004,57.57,6129.603
50.111700000001,80.110000000004,57.65,6129.632
50.111900000001,80.110100000004,57.68,6129.675
50.112100000001,80.110300000004,57.7,6129.728
50.112200000001,80.110500000004,57.75,6129.798
50.112300000001,80.110700000004,57.83,6129.836
50.112500000001,80.110800000004,57.93,6129.838
50.112700000001,80.110900000004,57.99,6129.875
50.112800000001,80.111100000004,58.07,6129.941
50.112900000001,80.111200000004,58.17,6130.04
50.113000000001,80.111300000004,58.22,6130.052
50.113100000001,80.111500000004,58.29,6130.088
50.113200000001,80.111600000004,58.3,6130.144
50.113300000001,80.111800000004,58.4,6130.23
50.113400000001,80.112000000004,58.49,6130.299
50.113500000001,80.112100000004,58.5,6130.357
50.113600000001,80.112300000004,58.53,6130.42
50.113700000001,80.112400000004,58.6,6130.485
50.113800000001,80.112500000004,58.68,6130.538
50.114000000001,80.112600000004,58.77,6130.625
50.114100000001,80.112800000004,58.82,6130.679
50.114300000001,80.112900000004,58.86,6130.755
50.114400000001,80.113000000004,58.91,6130.805
50.114600000001,80.113100000004,58.92,6130.888
50.114700000001,80.113200000004,58.97,6130.93
50.114800000001,80.113300000004,58.98,6131.019
50.114900000001,80.113500000004,59.03,6131.083
50.115000000001,80.113600000004,59.09,6131.156
50.115100000001,80.113800000004,59.12,6131.255
50.115200000001,80.114000000004,59.2,6131.311
50.115400000001,80.114100000004,59.21,6131.372
50.115600000001,80.114200000004,59.26,6131.466
50.115700000001,80.114400000004,59.3,6131.559
50.115900000001,80.114500000004,59.39,6131.659
50.116000000001,80.114600000004,59.46,6131.705
50.116200000001,80.114700000004,59.48,6131.781
50.116300000001,80.114800000004,59.56,6131.818
50.116400000001,80.114900000004,59.66,6131.82
50.116600000001,80.115100000004,59.73,6131.856
50.116700000001,80.115200000004,59.76,6131.912
50.116900000001,80.115400000004,59.81,6131.999
50.117000000001,80.115500000004,59.9,6132.026
50.117100000001,80.115600000004,59.98,6132.126
50.117300000001,80.115800000004,60.06,6132.195
50.117400000001,80.115900000004,60.07,6132.237
50.117600000001,80.116100000004,60.12,6132.302
50.117800000001,80.116200000004,60.22,6132.31
50.117900000001,80.116300000004,60.29,6132.314
50.118100000001,80.116400000004,60.38,6132.409
50.118200000001,80.116600000004,60.41,6132.495
50.118300000001,80.116800000004,60.5,6132.581
50.118500000001,80.117000000004,60.56,6132.596
50.118600000001,80.117200000004,60.62,6132.602
50.118800000001,80.117400000004,60.7,6132.655
50.118900000001,80.117600000004,60.76,6132.671
50.119100000001,80.117700000004,60.78,6132.76
50.119200000001,80.117800000004,60.87,6132.829
50.119400000001,80.117900000004,60.93,6132.837
50.119600000001,80.118000000004,61.03,6132.915
50.119800000001,80.118100000004,61.13,6132.921
50.119900000001,80.118200000004,61.15,6132.985
50.120000000001,80.118400000004,61.17,6133.039
50.120200000001,80.118600000004,61.24,6133.088
50.120400000001,80.118800000004,61.28,6133.118
50.120600000001,80.118900000004,61.38,6133.197
50.120700000001,80.119100000004,61.47,6133.218
50.120900000001,80.119300000004,61.57,6133.304
50.121000000001,80.119500000004,61.67,6133.336
50.121100000001,80.119600000004,61.77,6133.424
50.121300000001,80.119700000004,61.82,6133.457
50.121500000001,80.119800000004,61.91,6133.542
50.121700000001,80.119900000004,61.93,6133.633
50.121800000001,80.120000000004,62,6133.697
50.122000000001,80.120200000004,62.09,6133.748
50.122100000001,80.120400000004,62.13,6133.805
50.122300000001,80.120500000004,62.22,6133.817
50.122400000001,80.120700000004,62.32,6133.827
50.122600000001,80.120800000004,62.37,6133.909
50.122700000001,80.120900000004,62.44,6133.953
50.122800000001,80.121100000004,62.48,6134.035
50.123000000001,80.121200000004,62.53,6134.087
50.123200000001,80.121300000004,62.54,6134.175
50.123300000001,80.121400000004,62.59,6134.26
50.123500000001,80.121500000004,62.69,6134.353
50.123600000001,80.121700000004,62.7,6134.364
50.123700000001,80.121800000004,62.8,6134.445
50.123900000001,80.122000000004,62.83,6134.455
50.124000000001,80.122200000004,62.93,6134.482
50.124200000001,80.122300000004,63.01,6134.498
50.124400000001,80.122500000004,63.02,6134.577
50.124500000001,80.122600000004,63.09,6134.661
50.124700000001,80.122800000004,63.17,6134.757
50.124900000001,80.123000000004,63.18,6134.843
50.125000000001,80.123200000004,63.25,6134.931
50.125200000001,80.123400000004,63.35,6135.024
50.125300000001,80.123600000004,63.37,6135.03
50.125400000001,80.123800000004,63.4,6135.123
50.125600000001,80.123900000004,63.48,6135.22
50.125800000001,80.124000000004,63.56,6135.27
50.126000000001,80.124200000004,63.61,6135.315
50.126100000001,80.124400000004,63.64,6135.368
50.126200000001,80.124600000004,63.69,6135.374
50.126400000001,80.124700000004,63.79,6135.406
50.126500000001,80.124800000004,63.83,6135.458
50.126600000001,80.125000000004,63.88,6135.549
50.126800000001,80.125100000004,63.97,6135.602
50.126900000001,80.125300000004,63.98,6135.643
50.127000000001,80.125400000004,64.07,6135.696
50.127200000001,80.125500000004,64.08,6135.746
50.127300000001,80.125600000004,64.14,6135.841
50.127500000001,80.125800000004,64.17,6135.851
50.127700000001,80.126000000004,64.24,6135.933
50.127800000001,80.126100000004,64.32,6135.935
50.127900000001,80.126300000004,64.38,6136.003
50.128000000001,80.126500000004,64.39,6136.049
50.128100000001,80.126700000004,64.49,6136.052
50.128200000001,80.126800000004,64.55,6136.068
50.128300000001,80.126900000004,64.56,6136.101
50.128500000001,80.127000000004,64.61,6136.128
50.128700000001,80.127100000004,64.62,6136.145
50.128800000001,80.127300000004,64.64,6136.173
50.128900000001,80.127500000004,64.74,6136.237
50.129000000001,80.127600000004,64.75,6136.267
50.129200000001,80.127700000004,64.79,6136.268
50.129300000001,80.127900000004,64.81,6136.328
50.129500000001,80.128000000004,64.91,6136.376
50.129700000001,80.128100000004,64.99,6136.434
50.129800000001,80.128300000004,65.07,6136.481
50.130000000001,80.128500000004,65.15,6136.581
50.130200000001,80.128700000004,65.22,6136.673
50.130400000001,80.128900000004,65.25,6136.741
50.130600000001,80.129100000004,65.32,6136.831
50.130700000001,80.129300000004,65.37,6136.856
50.130800000001,80.129400000004,65.45,6136.927
50.131000000001,80.129500000004,65.48,6136.94
50.131100000001,80.129600000004,65.54,6137.029
50.131300000001,80.129700000004,65.63,6137.089
50.131400000001,80.129900000004,65.69,6137.165
50.131500000001,80.130100000004,65.74,6137.168
50.131600000001,80.130200000004,65.84,6137.228
50.131800000001,80.130300000004,65.93,6137.232
50.132000000001,80.130500000004,66.01,6137.288
50.132100000001,80.130600000004,66.08,6137.317
50.132200000001,80.130700000004,66.1,6137.417
50.132400000001,80.130800000004,66.16,6137.48
50.132600000001,80.130900000004,66.2,6137.564
50.132800000001,80.131100000004,66.29,6137.569
50.133000000001,80.131300000004,66.36,6137.655
50.133100000001,80.131400000004,66.45,6137.755
50.133200000001,80.131600000004,66.51,6137.76
50.133400000001,80.131700000004,66.55,6137.832
50.133500000001,80.131900000004,66.63,6137.84
50.133700000001,80.132000000004,66.7,6137.858
50.133800000001,80.132100000004,66.71,6137.879
50.134000000001,80.132300000004,66.74,6137.96
50.134200000001,80.132500000004,66.81,6138.044
50.134300000001,80.132700000004,66.9,6138.083
50.134400000001,80.132800000004,66.95,6138.169
50.134600000001,80.133000000004,67.01,6138.177
50.134700000001,80.133100000004,67.03,6138.264
50.134900000001,80.133300000004,67.04,6138.362
50.135100000001,80.133400000004,67.06,6138.444
50.135300000001,80.133500000004,67.13,6138.501
50.135400000001,80.133600000004,67.18,6138.568
50.135600000001,80.133700000004,67.19,6138.571
50.135800000001,80.133800000004,67.28,6138.593
50.135900000001,80.133900000004,67.31,6138.648
50.136100000001,80.134000000004,67.36,6138.678
50.136200000001,80.134100000004,67.39,6138.699
50.136400000001,80.134200000004,67.4,6138.742
50.136600000001,80.134400000004,67.5,6138.762
50.136800000001,80.134500000004,67.59,6138.837
50.137000000001,80.134700000004,67.67,6138.863
50.137100000001,80.134900000004,67.72,6138.929
50.137200000001,80.135100000004,67.74,6139.01
50.137300000001,80.135300000004,67.76,6139.056
50.137400000001,80.135400000004,67.83,6139.113
50.137600000001,80.135600000004,67.93,6139.186
50.137700000001,80.135800000004,68.03,6139.208
50.137800000001,80.136000000004,68.13,6139.21
50.138000000001,80.136200000004,68.16,6139.219
50.138100000001,80.136400000004,68.24,6139.265
50.138200000001,80.136600000005,68.27,6139.332
50.138400000001,80.136700000005,68.29,6139.393
50.138600000001,80.136900000005,68.31,6139.453
50.138700000001,80.137000000005,68.35,6139.53
50.138800000001,80.137100000005,68.45,6139.582
50.138900000001,80.137300000005,68.51,6139.651
50.139100000001,80.137500000005,68.59,6139.655
50.139300000001,80.137700000005,68.64,6139.658
50.139400000001,80.137900000005,68.71,6139.756
50.139500000001,80.138100000005,68.77,6139.846
50.139700000001,80.138300000005,68.82,6139.852
50.139900000001,80.138500000005,68.91,6139.856
50.140000000001,80.138700000005,68.97,6139.862
50.140200000001,80.138800000005,69.05,6139.902
50.140400000001,80.139000000005,69.1,6139.945
50.140500000001,80.139200000005,69.15,6139.991
50.140700000001,80.139300000005,69.2,6140.072
50.140900000001,80.139400000005,69.28,6140.129
50.141100000001,80.139500000005,69.35,6140.196
50.141200000001,80.139600000005,69.43,6140.202
50.141300000001,80.139700000005,69.45,6140.298
50.141400000001,80.139900000005,69.49,6140.321
50.141500000001,80.140100000005,69.56,6140.358
50.141700000001,80.140200000005,69.65,6140.394
50.141800000001,80.140300000005,69.67,6140.418
50.141900000001,80.140500000005,69.76,6140.42
50.142000000001,80.140600000005,69.83,6140.427
50.142200000001,80.140700000005,69.85,6140.436
50.142400000001,80.140800000005,69.86,6140.534
50.142500000001,80.140900000005,69.88,6140.577
50.142600000001,80.141100000005,69.96,6140.663
50.142800000001,80.141300000005,69.99,6140.686
50.143000000001,80.141400000005,70.04,6140.698
50.143100000001,80.141500000005,70.06,6140.729
50.143300000001,80.141700000005,70.1,6140.784
50.143400000001,80.141800000005,70.17,6140.867
50.143600000001,80.142000000005,70.25,6140.946
50.143700000001,80.142200000005,70.28,6140.97
50.143900000001,80.142400000005,70.29,6141.051
50.144100000001,80.142500000005,70.3,6141.097
50.144300000001,80.142600000005,70.36,6141.189
50.144500000001,80.142800000005,70.39,6141.232
50.144700000001,80.143000000005,70.49,6141.301
50.144800000001,80.143200000005,70.55,6141.38
50.144900000001,80.143300000005,70.61,6141.414
50.145000000001,80.143500000005,70.67,6141.428
50.145200000001,80.143700000005,70.77,6141.465
50.145400000001,80.143900000005,70.86,6141.527
50.145500000001,80.144000000005,70.92,6141.548
50.145600000001,80.144200000005,70.99,6141.606
50.145700000001,80.144400000005,71.02,6141.646
50.145800000001,80.144600000005,71.04,6141.693
50.145900000001,80.144800000005,71.12,6141.731
50.146100000001,80.144900000005,71.18,6141.759
50.146200000001,80.145000000005,71.25,6141.855
50.146300000001,80.145100000005,71.31,6141.944
50.146500000001,80.145200000005,71.32,6142.035
50.146700000001,80.145400000005,71.37,6142.051
50.146800000001,80.145600000005,71.43,6142.103
50.147000000001,80.145800000005,71.53,6142.164
50.147100000001,80.146000000005,71.63,6142.263
50.147200000001,80.146100000005,71.66,6142.278
50.147400000001,80.146300000005,71.68,6142.314
50.147500000001,80.146500000005,71.71,6142.332
50.147700000001,80.146600000005,71.72,6142.394
50.147800000001,80.146800000005,71.8,6142.433
50.147900000001,80.146900000005,71.9,6142.518
50.148000000001,80.147100000005,71.95,6142.569
50.148200000001,80.147200000005,72,6142.649
50.148400000001,80.147400000005,72.1,6142.736
50.148600000001,80.147500000005,72.13,6142.836
50.148800000001,80.147600000005,72.15,6142.888
50.149000000001,80.147700000005,72.17,6142.975
50.149200000001,80.147900000005,72.2,6142.991
50.149300000001,80.148000000005,72.21,6143.018
50.149400000001,80.148100000005,72.29,6143.088
50.149600000001,80.148200000005,72.34,6143.171
50.149700000001,80.148300000005,72.41,6143.238
50.149800000001,80.148500000005,72.48,6143.259
50.149900000001,80.148700000005,72.56,6143.277
50.150000000001,80.148900000005,72.57,6143.371
50.150200000001,80.149000000005,72.58,6143.469
50.150300000001,80.149100000005,72.61,6143.518
50.150500000001,80.149200000005,72.63,6143.564
50.150600000001,80.149400000005,72.66,6143.593
50.150700000001,80.149600000005,72.76,6143.651
50.150900000001,80.149800000005,72.84,6143.677
50.151000000001,80.150000000005,72.89,6143.734
50.151100000001,80.150100000005,72.95,6143.746
50.151300000001,80.150300000005,72.96,6143.767
50.151500000001,80.150400000005,73.03,6143.792
50.151600000001,80.150600000005,73.1,6143.852
50.151800000001,80.150800000005,73.19,6143.916
50.152000000001,80.151000000005,73.22,6143.999
50.152100000001,80.151200000005,73.23,6144.091
50.152200000001,80.151400000005,73.28,6144.177
50.152400000001,80.151600000005,73.38,6144.25
50.152600000001,80.151700000005,73.48,6144.279
50.152700000001,80.151900000005,73.54,6144.351
50.152900000001,80.152000000005,73.58,6144.356
50.153000000001,80.152100000005,73.65,6144.371
50.153100000001,80.152300000005,73.75,6144.42
50.153300000001,80.152400000005,73.79,6144.46
50.153500000001,80.152600000005,73.82,6144.512
50.153700000001,80.152700000005,73.85,6144.559
50.153800000001,80.152800000005,73.93,6144.627
50.154000000001,80.152900000005,73.97,6144.659
50.154100000001,80.153100000005,74.01,6144.73
50.154300000001,80.153200000005,74.1,6144.825
50.154500000001,80.153400000005,74.15,6144.909
50.154700000001,80.153600000005,74.18,6144.951
50.154900000001,80.153700000005,74.28,6145.01
50.155100000001,80.153800000005,74.29,6145.109
50.155200000001,80.154000000005,74.36,6145.126
50.155300000001,80.154100000005,74.41,6145.182
50.155500000001,80.154300000005,74.44,6145.249
50.155700000001,80.154400000005,74.51,6145.333
50.155900000001,80.154500000005,74.58,6145.415
50.156100000001,80.154700000005,74.61,6145.473
50.156200000001,80.154800000005,74.63,6145.482
50.156300000001,80.154900000005,74.64,6145.551
50.156500000001,80.155100000005,74.73,6145.556
50.156700000001,80.155200000005,74.8,6145.609
50.156800000001,80.155400000005,74.82,6145.613
50.157000000001,80.155600000005,74.91,6145.706
50.157200000001,80.155800000005,74.99,6145.776
50.157300000001,80.156000000005,75.02,6145.86
50.157400000001,80.156100000005,75.12,6145.906
50.157600000001,80.156300000005,75.14,6145.967
50.157800000001,80.156500000005,75.21,6146.016
50.157900000001,80.156600000005,75.22,6146.062
50.158000000001,80.156700000005,75.27,6146.073
50.158200000001,80.156800000005,75.28,6146.156
50.158400000001,80.157000000005,75.34,6146.193
50.158600000001,80.157200000005,75.36,6146.281
50.158700000001,80.157300000005,75.4,6146.364
50.158800000001,80.157400000005,75.45,6146.445
50.158900000001,80.157500000005,75.48,6146.522
50.159000000001,80.157600000005,75.51,6146.568
50.159100000001,80.157800000005,75.57,6146.618
50.159200000001,80.158000000005,75.61,6146.619
50.159300000001,80.158200000005,75.65,6146.631
50.159500000001,80.158400000005,75.75,6146.714
50.159700000001,80.158500000005,75.82,6146.793
50.159900000001,80.158600000005,75.88,6146.818
50.160000000001,80.158800000005,75.89,6146.866
50.160100000001,80.158900000005,75.99,6146.934
50.160300000001,80.159000000005,76.01,6146.939
50.160400000001,80.159100000005,76.02,6146.985
50.160500000001,80.159200000005,76.08,6147.08
50.160600000001,80.159400000005,76.16,6147.15
50.160800000001,80.159500000005,76.21,6147.217
50.160900000001,80.159600000005,76.31,6147.279
50.161100000001,80.159800000005,76.32,6147.291
50.161200000002,80.159900000005,76.4,6147.303
50.161300000002,80.160100000005,76.42,6147.361
50.161400000002,80.160200000005,76.43,6147.437
50.161600000002,80.160400000005,76.51,6147.504
50.161700000002,80.160500000005,76.55,6147.507
50.161900000002,80.160700000005,76.62,6147.541
50.162100000002,80.160900000005,76.72,6147.627
50.162300000002,80.161000000005,76.82,6147.696
50.162400000002,80.161200000005,76.9,6147.751
50.162600000002,80.161400000005,76.92,6147.767
50.162700000002,80.161500000005,77.02,6147.852
50.162900000002,80.161700000005,77.08,6147.943
50.163000000002,80.161900000005,77.18,6148.038
50.163200000002,80.162100000005,77.21,6148.101
50.163300000002,80.162200000005,77.26,6148.174
50.163400000002,80.162300000005,77.31,6148.206
50.163500000002,80.162400000005,77.4,6148.299
50.163600000002,80.162600000005,77.41,6148.336
50.163700000002,80.162800000005,77.44,6148.423
50.163900000002,80.163000000005,77.52,6148.493
50.164100000002,80.163200000005,77.59,6148.524
50.164200000002,80.163400000005,77.69,6148.576
50.164300000002,80.163500000005,77.72,6148.619
50.164500000002,80.163700000005,77.8,6148.627
50.164700000002,80.163900000005,77.81,6148.63
50.164900000002,80.164000000005,77.85,6148.7
50.165000000002,80.164200000005,77.91,6148.771
50.165100000002,80.164300000005,77.95,6148.862
50.165200000002,80.164400000005,77.98,6148.896
50.165400000002,80.164500000005,78.07,6148.908
50.165600000002,80.164600000005,78.13,6148.951
50.165800000002,80.164700000005,78.18,6149.011
50.166000000002,80.164900000005,78.25,6149.057
50.166200000002,80.165000000005,78.27,6149.126
50.166400000002,80.165200000005,78.31,6149.218
50.166500000002,80.165400000005,78.4,6149.226
50.166700000002,80.165500000005,78.45,6149.304
50.166800000002,80.165600000005,78.54,6149.379
50.166900000002,80.165700000005,78.56,6149.388
50.167100000002,80.165900000005,78.63,6149.449
50.167200000002,80.166000000005,78.64,6149.526
50.167300000002,80.166100000005,78.69,6149.617
50.167500000002,80.166300000005,78.78,6149.713
50.167700000002,80.166500000005,78.79,6149.757
50.167900000002,80.166600000006,78.82,6149.843
50.168100000002,80.166700000006,78.89,6149.848
50.168300000002,80.166900000006,78.91,6149.873
50.168400000002,80.167100000006,79,6149.934
50.168500000002,80.167300000006,79.04,6149.977
50.168600000002,80.167500000006,79.08,6149.979
50.168800000002,80.167600000006,79.18,6150.006
50.169000000002,80.167700000006,79.26,6150.052
50.169100000002,80.167900000006,79.3,6150.067
50.169200000002,80.168100000006,79.32,6150.121
50.169400000002,80.168200000006,79.4,6150.134
50.169500000002,80.168400000006,79.48,6150.159
50.169700000002,80.168500000006,79.55,6150.222
50.169900000002,80.168700000006,79.62,6150.278
50.170000000002,80.168900000006,79.71,6150.37
50.170200000002,80.169100000006,79.75,6150.377
50.170300000002,80.169300000006,79.78,6150.422
50.170500000002,80.169400000006,79.88,6150.452
50.170700000002,80.169600000006,79.93,6150.536
50.170800000002,80.169700000006,79.94,6150.625
50.170900000002,80.169900000006,80,6150.64
50.171100000002,80.170000000006,80.07,6150.726
50.171300000002,80.170200000006,80.15,6150.765
50.171400000002,80.170300000006,80.2,6150.814
50.171600000002,80.170500000006,80.3,6150.857
50.171700000002,80.170700000006,80.38,6150.933
50.171900000002,80.170800000006,80.44,6150.936
50.172000000002,80.171000000006,80.54,6150.989
50.172100000002,80.171100000006,80.61,6151.002
50.172300000002,80.171200000006,80.71,6151.035
50.172500000002,80.171400000006,80.79,6151.129
50.172700000002,80.171500000006,80.84,6151.2
50.172900000002,80.171600000006,80.86,6151.288
50.173000000002,80.171800000006,80.93,6151.381
50.173200000002,80.171900000006,81.03,6151.409
50.173400000002,80.172100000006,81.11,6151.438
50.173500000002,80.172200000006,81.16,6151.522
50.173700000002,80.172300000006,81.18,6151.594
50.173800000002,80.172500000006,81.25,6151.597
50.173900000002,80.172600000006,81.33,6151.683
50.174000000002,80.172800000006,81.41,6151.755
50.174200000002,80.172900000006,81.48,6151.826
50.174400000002,80.173100000006,81.58,6151.872
50.174500000002,80.173300000006,81.66,6151.944
50.174600000002,80.173400000006,81.72,6151.952
50.174800000002,80.173600000006,81.8,6152.021
50.175000000002,80.173700000006,81.88,6152.084
50.175200000002,80.173800000006,81.93,6152.182
50.175300000002,80.173900000006,82,6152.183
50.175500000002,80.174000000006,82.08,6152.196
50.175700000002,80.174200000006,82.14,6152.231
50.175800000002,80.174300000006,82.15,6152.303
50.175900000002,80.174500000006,82.23,6152.306
50.176000000002,80.174700000006,82.31,6152.4
50.176100000002,80.174800000006,82.37,6152.455
50.176300000002,80.174900000006,82.43,6152.468
50.176400000002,80.175000000006,82.45,6152.548
50.176600000002,80.175200000006,82.55,6152.591
50.176800000002,80.175400000006,82.63,6152.69
50.177000000002,80.175600000006,82.7,6152.721
50.177100000002,80.175700000006,82.74,6152.801
50.177200000002,80.175800000006,82.82,6152.808
50.177300000002,80.175900000006,82.89,6152.836
50.177400000002,80.176000000006,82.94,6152.894
50.177500000002,80.176200000006,82.98,6152.979
50.177600000002,80.176300000006,83.01,6153.068
50.177800000002,80.176400000006,83.1,6153.13
50.178000000002,80.176600000006,83.2,6153.161
50.178100000002,80.176700000006,83.21,6153.171
50.178200000002,80.176900000006,83.23,6153.243
50.178300000002,80.177100000006,83.33,6153.289
50.178500000002,80.177200000006,83.34,6153.31
50.178700000002,80.177300000006,83.35,6153.341
50.178900000002,80.177400000006,83.37,6153.388
50.179000000002,80.177500000006,83.38,6153.407
50.179200000002,80.177600000006,83.43,6153.476
50.179300000002,80.177800000006,83.51,6153.53
50.179400000002,80.178000000006,83.54,6153.584
50.179600000002,80.178100000006,83.64,6153.644
50.179800000002,80.178200000006,83.73,6153.703
50.179900000002,80.178400000006,83.82,6153.711
50.180000000002,80.178500000006,83.88,6153.76
50.180100000002,80.178700000006,83.95,6153.84
50.180300000002,80.178800000006,84,6153.93
50.180500000002,80.178900000006,84.05,6153.949
50.180600000002,80.179100000006,84.13,6154.043
50.180800000002,80.179300000006,84.19,6154.102
50.181000000002,80.179400000006,84.21,6154.113
50.181100000002,80.179500000006,84.23,6154.146
50.181200000002,80.179700000006,84.32,6154.178
50.181300000002,80.179800000006,84.34,6154.277
50.181500000002,80.180000000006,84.43,6154.321
50.181700000002,80.180100000006,84.5,6154.331
50.181900000002,80.180200000006,84.51,6154.424
50.182000000002,80.180400000006,84.57,6154.5
50.182200000002,80.180600000006,84.66,6154.506
50.182400000002,80.180700000006,84.7,6154.598
50.182600000002,80.180800000006,84.73,6154.61
50.182800000002,80.180900000006,84.74,6154.647
50.183000000002,80.181100000006,84.82,6154.73
50.183100000002,80.181200000006,84.92,6154.756
50.183300000002,80.181400000006,84.94,6154.835
50.183500000002,80.181600000006,85,6154.875
50.183600000002,80.181700000006,85.05,6154.889
50.183700000002,80.181900000006,85.06,6154.91
50.183800000002,80.182000000006,85.1,6154.982
50.184000000002,80.182100000006,85.11,6155.04
50.184100000002,80.182300000006,85.16,6155.105
50.184200000002,80.182400000006,85.25,6155.108
50.184300000002,80.182500000006,85.34,6155.188
50.184500000002,80.182600000006,85.36,6155.202
50.184700000002,80.182800000006,85.39,6155.219
50.184800000002,80.182900000006,85.43,6155.267
50.185000000002,80.183100000006,85.45,6155.29
50.185100000002,80.183200000006,85.54,6155.338
50.185200000002,80.183300000006,85.56,6155.381
50.185400000002,80.183400000006,85.61,6155.465
50.185500000002,80.183500000006,85.68,6155.549
50.185700000002,80.183700000006,85.78,6155.583
50.185800000002,80.183800000006,85.84,6155.674
50.186000000002,80.184000000006,85.88,6155.689
50.186200000002,80.184200000006,85.92,6155.755
50.186400000002,80.184300000006,85.94,6155.854
50.186500000002,80.184400000006,85.99,6155.947
50.186600000002,80.184600000006,86.07,6155.979
50.186700000002,80.184700000006,86.09,6156.051
50.186800000002,80.184800000006,86.1,6156.116
50.186900000002,80.185000000006,86.16,6156.207
50.187000000002,80.185200000006,86.17,6156.305
50.187100000002,80.185300000006,86.24,6156.34
50.187300000002,80.185500000006,86.28,6156.438
50.187500000002,80.185700000006,86.38,6156.46
50.187700000002,80.185900000006,86.44,6156.53
50.187800000002,80.186100000006,86.49,6156.555
50.188000000002,80.186200000006,86.58,6156.573
50.188200000002,80.186300000006,86.59,6156.614
50.188300000002,80.186400000006,86.63,6156.701
50.188500000002,80.186600000006,86.66,6156.715
50.188700000002,80.186800000006,86.68,6156.788
50.188800000002,80.186900000006,86.78,6156.872
50.189000000002,80.187000000006,86.84,6156.945
50.189100000002,80.187200000006,86.94,6157.045
50.189200000002,80.187400000006,86.96,6157.082
50.189300000002,80.187500000006,87.04,6157.149
50.189400000002,80.187600000006,87.1,6157.242
50.189500000002,80.187800000006,87.11,6157.331
50.189600000002,80.187900000006,87.18,6157.382
50.189700000002,80.188100000006,87.22,6157.47
50.189800000002,80.188300000006,87.29,6157.491
50.190000000002,80.188500000006,87.31,6157.509
50.190100000002,80.188600000006,87.37,6157.584
50.190300000002,80.188700000006,87.42,6157.684
50.190400000002,80.188900000006,87.52,6157.744
50.190600000002,80.189100000006,87.57,6157.838
50.190700000002,80.189200000006,87.62,6157.875
50.190900000002,80.189400000006,87.65,6157.942
50.191100000002,80.189600000006,87.74,6157.987
50.191200000002,80.189700000006,87.81,6158.073
50.191300000002,80.189800000006,87.88,6158.076
50.191400000002,80.189900000006,87.89,6158.168
50.191600000002,80.190100000006,87.95,6158.232
50.191800000002,80.190300000006,88.01,6158.241
50.191900000002,80.190400000006,88.06,6158.312
50.192100000002,80.190600000006,88.1,6158.357
50.192300000002,80.190700000006,88.19,6158.45
50.192400000002,80.190800000006,88.27,6158.52
50.192600000002,80.190900000006,88.35,6158.532
50.192700000002,80.191100000006,88.36,6158.569
50.192900000002,80.191300000006,88.46,6158.628
50.193100000002,80.191500000006,88.53,6158.689
50.193300000002,80.191600000006,88.57,6158.728
50.193500000002,80.191800000006,88.66,6158.761
50.193700000002,80.192000000006,88.69,6158.781
50.193800000002,80.192100000006,88.78,6158.868
50.193900000002,80.192300000006,88.88,6158.95
50.194000000002,80.192500000006,88.9,6158.952
50.194200000002,80.192600000006,88.97,6158.958
50.194400000002,80.192700000006,89.04,6158.992
50.194500000002,80.192900000006,89.12,6159.013
50.194700000002,80.193100000006,89.18,6159.07
50.194800000002,80.193300000006,89.26,6159.117
50.195000000002,80.193500000006,89.3,6159.14
50.195100000002,80.193600000006,89.31,6159.204
50.195200000002,80.193700000006,89.38,6159.287
50.195300000002,80.193800000006,89.47,6159.301
50.195500000002,80.194000000006,89.52,6159.395
50.195700000002,80.194100000006,89.54,6159.412
50.195900000002,80.194300000006,89.62,6159.509
50.196000000002,80.194500000006,89.67,6159.537
50.196100000002,80.194700000006,89.73,6159.582
50.196200000002,80.194900000006,89.74,6159.616
50.196400000002,80.195100000006,89.76,6159.63
50.196600000002,80.195200000006,89.79,6159.682
50.196800000002,80.195400000006,89.84,6159.694
50.197000000002,80.195600000006,89.87,6159.757
50.197100000002,80.195700000006,89.93,6159.832
50.197300000002,80.195800000006,89.94,6159.901
50.197500000002,80.196000000006,89.96,6159.984
50.197600000002,80.196100000006,89.98,6160.066
50.197800000002,80.196200000006,90.08,6160.156
50.197900000002,80.196300000006,90.13,6160.254
50.198100000002,80.196500000006,90.14,6160.341
50.198200000002,80.196600000006,90.19,6160.415
50.198300000002,80.196700000007,90.24,6160.508
50.198400000002,80.196900000007,90.31,6160.598
50.198500000002,80.197100000007,90.39,6160.607
50.198700000002,80.197300000007,90.48,6160.694
50.198800000002,80.197500000007,90.56,6160.752
50.198900000002,80.197600000007,90.62,6160.757
50.199000000002,80.197800000007,90.72,6160.806
50.199100000002,80.197900000007,90.75,6160.85
50.199200000002,80.198100000007,90.79,6160.912
50.199300000002,80.198300000007,90.85,6160.935
50.199500000002,80.198400000007,90.89,6161.002
50.199600000002,80.198500000007,90.95,6161.032
50.199700000002,80.198600000007,91.04,6161.048
50.199800000002,80.198700000007,91.06,6161.098
50.199900000002,80.198800000007,91.16,6161.111
50.200100000002,80.198900000007,91.22,6161.112
50.200300000002,80.199100000007,91.29,6161.124
50.200500000002,80.199200000007,91.33,6161.187
50.200600000002,80.199400000007,91.36,6161.232
50.200800000002,80.199600000007,91.44,6161.326
50.200900000002,80.199800000007,91.45,6161.383
50.201000000002,80.199900000007,91.46,6161.397
50.201100000002,80.200000000007,91.49,6161.487
50.201200000002,80.200200000007,91.58,6161.502
50.201400000002,80.200400000007,91.61,6161.568
50.201600000002,80.200600000007,91.64,6161.668
50.201700000002,80.200800000007,91.69,6161.681
50.201800000002,80.200900000007,91.7,6161.729
50.202000000002,80.201000000007,91.71,6161.814
50.202100000002,80.201100000007,91.81,6161.895
50.202200000002,80.201200000007,91.88,6161.931
50.202300000002,80.201400000007,91.93,6162.012
50.202400000002,80.201600000007,91.98,6162.088
50.202500000002,80.201800000007,92.06,6162.15
50.202600000002,80.201900000007,92.14,6162.218
50.202700000002,80.202100000007,92.16,6162.235
50.202900000002,80.202200000007,92.17,6162.272
50.203000000002,80.202400000007,92.19,6162.312
50.203100000002,80.202600000007,92.27,6162.342
50.203200000002,80.202700000007,92.29,6162.399
50.203400000002,80.202900000007,92.33,6162.434
50.203500000002,80.203000000007,92.43,6162.494
50.203600000002,80.203200000007,92.46,6162.559
50.203800000002,80.203300000007,92.55,6162.604
50.204000000002,80.203500000007,92.64,6162.692
50.204200000002,80.203700000007,92.67,6162.698
50.204400000002,80.203800000007,92.71,6162.729
50.204500000002,80.203900000007,92.8,6162.754
50.204600000002,80.204000000007,92.86,6162.786
50.204700000002,80.204200000007,92.96,6162.842
50.204800000002,80.204300000007,92.99,6162.917
50.205000000002,80.204400000007,93.01,6162.938
50.205200000002,80.204500000007,93.02,6163.005
50.205400000002,80.204600000007,93.1,6163.09
50.205500000002,80.204700000007,93.12,6163.153
50.205700000002,80.204800000007,93.21,6163.208
50.205800000002,80.204900000007,93.3,6163.26
50.205900000002,80.205100000007,93.31,6163.285
50.206100000002,80.205200000007,93.41,6163.339
50.206200000002,80.205300000007,93.49,6163.354
50.206300000002,80.205500000007,93.58,6163.373
50.206400000002,80.205700000007,93.59,6163.427
50.206600000002,80.205800000007,93.61,6163.442
50.206700000002,80.205900000007,93.68,6163.486
50.206800000002,80.206100000007,93.78,6163.534
50.206900000002,80.206200000007,93.86,6163.558
50.207000000002,80.206400000007,93.94,6163.62
50.207200000002,80.206600000007,94.02,6163.631
50.207300000002,80.206800000007,94.05,6163.68
50.207400000002,80.206900000007,94.06,6163.754
50.207500000002,80.207000000007,94.15,6163.825
50.207600000002,80.207200000007,94.17,6163.891
50.207700000002,80.207300000007,94.19,6163.932
50.207800000002,80.207500000007,94.26,6163.977
50.208000000002,80.207600000007,94.27,6164.026
50.208200000002,80.207800000007,94.33,6164.051
50.208300000002,80.208000000007,94.41,6164.101
50.208400000002,80.208200000007,94.44,6164.171
50.208600000002,80.208300000007,94.48,6164.181
50.208800000002,80.208500000007,94.56,6164.259
50.209000000002,80.208700000007,94.58,6164.335
50.209200000002,80.208900000007,94.6,6164.368
50.209300000002,80.209000000007,94.69,6164.384
50.209400000002,80.209100000007,94.74,6164.429
50.209500000002,80.209200000007,94.84,6164.477
50.209700000002,80.209300000007,94.86,6164.556
50.209800000002,80.209500000007,94.95,6164.651
50.209900000002,80.209700000007,95.03,6164.724
50.210100000002,80.209900000007,95.08,6164.752
50.210300000002,80.210100000007,95.15,6164.849
50.210500000002,80.210200000007,95.17,6164.85
50.210700000002,80.210400000007,95.22,6164.858
50.210900000002,80.210500000007,95.28,6164.911
50.211100000002,80.210700000007,95.32,6164.996
50.211200000002,80.210800000007,95.4,6165.035
50.211400000002,80.211000000007,95.42,6165.073
50.211500000002,80.211200000007,95.49,6165.086
50.211600000002,80.211300000007,95.5,6165.108
50.211800000002,80.211400000007,95.53,6165.155
50.212000000002,80.211600000007,95.59,6165.194
50.212100000002,80.211700000007,95.69,6165.259
50.212300000002,80.211800000007,95.74,6165.269
50.212400000002,80.211900000007,95.79,6165.297
50.212600000002,80.212100000007,95.86,6165.315
50.212700000002,80.212200000007,95.89,6165.361
50.212900000002,80.212300000007,95.96,6165.383
50.213100000002,80.212500000007,96.03,6165.415
50.213300000002,80.212600000007,96.1,6165.479
50.213400000002,80.212800000007,96.13,6165.492
50.213600000002,80.213000000007,96.16,6165.519
50.213700000002,80.213200000007,96.22,6165.599
50.213800000002,80.213300000007,96.32,6165.645
50.213900000002,80.213400000007,96.42,6165.649
50.214100000002,80.213600000007,96.45,6165.673
50.214200000002,80.213800000007,96.51,6165.675
50.214300000002,80.213900000007,96.58,6165.72
50.214500000002,80.214100000007,96.64,6165.79
50.214700000002,80.214300000007,96.74,6165.86
50.214800000002,80.214500000007,96.79,6165.937
50.215000000002,80.214600000007,96.82,6165.955
50.215200000002,80.214700000007,96.85,6165.991
50.215400000002,80.214800000007,96.91,6166.008
50.215500000002,80.214900000007,96.93,6166.058
50.215600000002,80.215100000007,97.03,6166.083
50.215800000002,80.215300000007,97.13,6166.126
50.215900000002,80.215500000007,97.15,6166.204
50.216000000002,80.215700000007,97.21,6166.215
50.216100000002,80.215900000007,97.24,6166.293
50.216300000002,80.216000000007,97.26,6166.354
50.216500000002,80.216200000007,97.34,6166.383
50.216700000002,80.216400000007,97.42,6166.41
50.216900000002,80.216600000007,97.48,6166.464
50.217000000002,80.216700000007,97.58,6166.515
50.217100000002,80.216800000007,97.61,6166.594
50.217300000002,80.217000000007,97.7,6166.671
50.217500000002,80.217100000007,97.76,6166.722
50.217700000002,80.217300000007,97.78,6166.779
50.217800000002,80.217500000007,97.87,6166.807
50.218000000002,80.217700000007,97.93,6166.869
50.218100000002,80.217800000007,97.95,6166.925
50.218300000002,80.217900000007,97.96,6167.013
50.218400000002,80.218000000007,98.03,6167.103
50.218500000002,80.218200000007,98.1,6167.181
50.218700000002,80.218300000007,98.13,6167.218
50.218900000002,80.218400000007,98.23,6167.245
50.219000000002,80.218600000007,98.29,6167.255
50.219100000002,80.218700000007,98.37,6167.331
50.219200000002,80.218900000007,98.41,6167.393
50.219400000002,80.219000000007,98.46,6167.411
50.219600000002,80.219100000007,98.47,6167.502
50.219800000002,80.219300000007,98.54,6167.545
50.220000000002,80.219500000007,98.62,6167.623
50.220100000002,80.219700000007,98.63,6167.684
50.220300000002,80.219900000007,98.71,6167.777
50.220500000002,80.220000000007,98.78,6167.854
50.220600000002,80.220200000007,98.82,6167.881
50.220700000002,80.220400000007,98.87,6167.892
50.220800000002,80.220600000007,98.88,6167.966
50.220900000002,80.220800000007,98.9,6167.979
50.221100000002,80.221000000007,99,6168.079
50.221300000002,80.221200000007,99.06,6168.097
50.221500000002,80.221300000007,99.08,6168.115
50.221700000002,80.221500000007,99.18,6168.116
50.221900000002,80.221600000007,99.21,6168.132
50.222000000002,80.221800000007,99.24,6168.157
50.222100000002,80.221900000007,99.34,6168.199
50.222300000002,80.222000000007,99.4,6168.262
50.222400000002,80.222100000007,99.47,6168.337
50.222500000002,80.222200000007,99.57,6168.429
50.222700000002,80.222300000007,99.58,6168.452
50.222900000002,80.222400000007,99.61,6168.511
50.223000000002,80.222500000007,99.69,6168.571
50.223100000002,80.222600000007,99.78,6168.61
50.223200000002,80.222800000007,99.86,6168.637
50.223400000002,80.222900000007,99.95,6168.64
50.223600000002,80.223000000007,100.03,6168.659
50.223800000002,80.223200000007,100.04,6168.68
50.224000000002,80.223300000007,100.09,6168.733
50.224100000002,80.223500000007,100.11,6168.795
50.224200000002,80.223700000007,100.14,6168.828
50.224400000002,80.223800000007,100.22,6168.844
50.224600000002,80.224000000007,100.27,6168.924
50.224800000002,80.224100000007,100.36,6168.988
50.225000000002,80.224300000007,100.45,6169.039
50.225100000002,80.224500000007,100.53,6169.139
50.225200000002,80.224600000007,100.59,6169.174
50.225400000002,80.224800000007,100.69,6169.268
50.225500000002,80.224900000007,100.72,6169.305
50.225600000002,80.225100000007,100.78,6169.311
50.225700000002,80.225300000007,100.87,6169.342
50.225800000002,80.225500000007,100.97,6169.348
50.225900000002,80.225700000007,101.03,6169.403
50.226100000002,80.225800000007,101.09,6169.48
50.226200000002,80.225900000007,101.11,6169.501
50.226400000002,80.226000000007,101.13,6169.522
50.226500000002,80.226100000007,101.19,6169.564
50.226600000002,80.226200000007,101.24,6169.646
50.226700000002,80.226300000007,101.26,6169.677
50.226900000002,80.226400000007,101.3,6169.703
50.227100000002,80.226600000007,101.38,6169.749
50.227200000002,80.226700000007,101.41,6169.81
50.227300000002,80.226800000008,101.5,6169.821
50.227400000002,80.227000000008,101.54,6169.881
50.227500000002,80.227200000008,101.55,6169.952
50.227700000002,80.227300000008,101.61,6169.956
50.227900000002,80.227500000008,101.65,6170.036
50.228100000002,80.227700000008,101.66,6170.086
50.228300000002,80.227900000008,101.76,6170.169
50.228400000002,80.228000000008,101.81,6170.227
50.228500000002,80.228100000008,101.88,6170.314
50.228600000002,80.228300000008,101.93,6170.367
50.228800000002,80.228400000008,101.96,6170.453
50.229000000002,80.228600000008,102.05,6170.528
50.229100000002,80.228700000008,102.11,6170.537
50.229300000002,80.228900000008,102.17,6170.596
50.229400000002,80.229100000008,102.22,6170.657
50.229600000002,80.229300000008,102.24,6170.676
50.229700000002,80.229500000008,102.25,6170.7
50.229900000002,80.229600000008,102.33,6170.772
50.230100000002,80.229700000008,102.39,6170.862
50.230300000002,80.229800000008,102.46,6170.878
50.230500000002,80.229900000008,102.49,6170.944
50.230700000002,80.230100000008,102.52,6170.965
50.230800000002,80.230300000008,102.61,6170.971
50.230900000002,80.230500000008,102.64,6171.023
50.231100000002,80.230600000008,102.72,6171.094
50.231300000002,80.230800000008,102.77,6171.168
50.231500000002,80.231000000008,102.84,6171.196
50.231600000002,80.231100000008,102.89,6171.212
50.231700000002,80.231300000008,102.98,6171.235
50.231800000002,80.231400000008,103.03,6171.32
50.232000000002,80.231500000008,103.12,6171.334
50.232100000002,80.231600000008,103.19,6171.345
50.232200000002,80.231700000008,103.28,6171.364
50.232400000002,80.231800000008,103.38,6171.408
50.232500000002,80.232000000008,103.46,6171.477
50.232700000002,80.232100000008,103.55,6171.504
50.232900000002,80.232300000008,103.6,6171.533
50.233100000002,80.232500000008,103.62,6171.57
50.233200000002,80.232600000008,103.68,6171.612
50.233300000002,80.232700000008,103.74,6171.669
50.233500000002,80.232800000008,103.82,6171.717
50.233700000002,80.233000000008,103.92,6171.797
50.233800000002,80.233200000008,103.97,6171.798
50.234000000002,80.233300000008,104,6171.853
50.234200000002,80.233500000008,104.09,6171.919
50.234400000002,80.233700000008,104.1,6172.003
50.234600000002,80.233900000008,104.13,6172.019
50.234800000002,80.234100000008,104.21,6172.044
50.234900000002,80.234200000008,104.29,6172.112
50.235000000002,80.234400000008,104.34,6172.143
50.235100000002,80.234600000008,104.38,6172.243
50.235200000002,80.234800000008,104.44,6172.267
50.235300000002,80.234900000008,104.53,6172.268
50.235400000002,80.235100000008,104.62,6172.303
50.235500000002,80.235200000008,104.68,6172.318
50.235700000002,80.235300000008,104.72,6172.415
50.235900000002,80.235400000008,104.79,6172.495
50.236100000002,80.235500000008,104.81,6172.594
50.236200000002,80.235600000008,104.91,6172.626
50.236400000002,80.235800000008,104.97,6172.659
50.236600000002,80.235900000008,105.01,6172.683
50.236700000002,80.236000000008,105.07,6172.765
50.236800000002,80.236100000008,105.17,6172.778
50.236900000002,80.236200000008,105.18,6172.877
50.237000000002,80.236400000008,105.26,6172.898
50.237200000002,80.236600000008,105.28,6172.986
50.237300000002,80.236700000008,105.3,6173.016
50.237500000002,80.236900000008,105.37,6173.073
50.237600000002,80.237100000008,105.45,6173.129
50.237700000002,80.237200000008,105.49,6173.166
50.237800000002,80.237300000008,105.54,6173.242
50.238000000002,80.237500000008,105.62,6173.258
50.238100000002,80.237700000008,105.66,6173.271
50.238200000002,80.237900000008,105.67,6173.343
50.238400000002,80.238000000008,105.68,6173.383
50.238600000002,80.238200000008,105.78,6173.397
50.238800000002,80.238400000008,105.85,6173.464
50.238900000002,80.238500000008,105.86,6173.522
50.239000000002,80.238700000008,105.9,6173.531
50.239100000002,80.238800000008,105.93,6173.569
50.239300000002,80.239000000008,105.99,6173.57
50.239400000002,80.239200000008,106.07,6173.658
50.239600000002,80.239400000008,106.1,6173.725
50.239700000002,80.239500000008,106.19,6173.816
50.239900000002,80.239600000008,106.25,6173.825
50.240100000002,80.239800000008,106.32,6173.919
50.240200000002,80.240000000008,106.33,6173.937
50.240300000002,80.240100000008,106.39,6174.002
50.240500000002,80.240200000008,106.46,6174.004
50.240700000002,80.240300000008,106.55,6174.034
50.240800000002,80.240400000008,106.65,6174.077
50.240900000002,80.240600000008,106.69,6174.111
50.241000000002,80.240800000008,106.74,6174.19
50.241100000002,80.240900000008,106.82,6174.248
50.241200000002,80.241100000008,106.9,6174.259
50.241400000002,80.241200000008,106.98,6174.344
50.241500000002,80.241300000008,107.07,6174.44
50.241700000002,80.241500000008,107.1,6174.526
50.241900000002,80.241600000008,107.13,6174.554
50.242100000002,80.241800000008,107.2,6174.577
50.242300000002,80.241900000008,107.21,6174.677
50.242400000002,80.242100000008,107.27,6174.693
50.242500000002,80.242200000008,107.3,6174.739
50.242700000002,80.242300000008,107.33,6174.74
50.242800000002,80.242400000008,107.43,6174.76
50.243000000002,80.242500000008,107.44,6174.841
50.243100000002,80.242600000008,107.45,6174.881
50.243300000002,80.242800000008,107.52,6174.929
50.243500000002,80.243000000008,107.57,6175.011
50.243600000002,80.243100000008,107.67,6175.095
50.243700000002,80.243200000008,107.7,6175.194
50.243800000002,80.243400000008,107.8,6175.261
50.244000000002,80.243600000008,107.89,6175.324
50.244100000002,80.243800000008,107.94,6175.382
50.244200000002,80.244000000008,108.04,6175.404
50.244300000002,80.244200000008,108.11,6175.496
50.244400000002,80.244300000008,108.19,6175.555
50.244500000002,80.244500000008,108.24,6175.608
50.244700000002,80.244700000008,108.3,6175.626
50.244800000002,80.244800000008,108.39,6175.628
50.244900000002,80.245000000008,108.46,6175.689
50.245100000002,80.245100000008,108.48,6175.775
50.245300000002,80.245200000008,108.49,6175.853
50.245500000002,80.245400000008,108.56,6175.951
50.245700000002,80.245500000008,108.62,6175.958
50.245800000002,80.245700000008,108.68,6175.965
50.246000000002,80.245800000008,108.71,6176.062
50.246200000002,80.245900000008,108.81,6176.067
50.246400000002,80.246100000008,108.88,6176.104
50.246600000002,80.246300000008,108.91,6176.131
50.246800000002,80.246400000008,108.92,6176.206
50.246900000002,80.246600000008,109,6176.299
50.247000000002,80.246700000008,109.1,6176.329
50.247100000002,80.246900000008,109.14,6176.423
50.247300000002,80.247100000008,109.24,6176.453
50.247500000002,80.247300000008,109.28,6176.497
50.247700000002,80.247500000008,109.37,6176.518
50.247900000002,80.247600000008,109.42,6176.601
50.248000000002,80.247800000008,109.48,6176.636
50.248100000002,80.247900000008,109.51,6176.677
50.248300000002,80.248000000008,109.59,6176.759
50.248500000002,80.248100000008,109.67,6176.814
50.248700000002,80.248300000008,109.76,6176.847
50.248900000002,80.248400000008,109.84,6176.854
50.249000000002,80.248600000008,109.87,6176.855
50.249200000002,80.248800000008,109.96,6176.946
50.249300000002,80.248900000008,109.99,6176.995
50.249500000002,80.249100000008,110.08,6177.021
50.249700000002,80.249300000008,110.09,6177.087
50.249900000002,80.249500000008,110.11,6177.118
50.250000000002,80.249600000008,110.18,6177.122
50.250100000002,80.249700000008,110.19,6177.161
50.250300000002,80.249800000008,110.23,6177.217
50.250400000002,80.249900000008,110.28,6177.25
50.250600000002,80.250100000008,110.37,6177.284
50.250700000002,80.250300000008,110.43,6177.288
50.250800000002,80.250500000008,110.5,6177.382
50.250900000002,80.250700000008,110.53,6177.477
50.251100000002,80.250900000008,110.63,6177.49
50.251200000002,80.251000000008,110.69,6177.513
50.251300000002,80.251200000008,110.77,6177.565
50.251400000002,80.251300000008,110.86,6177.644
50.251600000002,80.251500000008,110.88,6177.663
50.251700000002,80.251700000008,110.91,6177.727
50.251800000002,80.251900000008,110.97,6177.81
50.252000000002,80.252100000008,111.05,6177.88
50.252200000002,80.252300000008,111.14,6177.974
50.252400000002,80.252400000008,111.16,6177.998
50.252500000002,80.252600000008,111.24,6178.037
50.252600000002,80.252800000008,111.26,6178.051
50.252700000002,80.252900000008,111.3,6178.11
50.252800000002,80.253100000008,111.33,6178.147
50.252900000002,80.253300000008,111.35,6178.17
50.253100000002,80.253500000008,111.45,6178.196
50.253300000002,80.253700000008,111.47,6178.247
50.253400000002,80.253800000008,111.55,6178.277
50.253500000002,80.253900000008,111.62,6178.326
50.253600000002,80.254100000008,111.69,6178.358
50.253700000002,80.254300000008,111.79,6178.374
50.253800000002,80.254400000008,111.85,6178.468
50.254000000002,80.254600000008,111.87,6178.518
50.254200000002,80.254700000008,111.95,6178.552
50.254400000002,80.254900000008,112.04,6178.639
50.254500000002,80.255100000008,112.06,6178.696
50.254600000002,80.255300000008,112.07,6178.711
50.254800000002,80.255500000008,112.12,6178.795
50.255000000002,80.255600000008,112.22,6178.805
50.255100000002,80.255800000008,112.23,6178.846
50.255200000002,80.255900000008,112.32,6178.932
50.255300000002,80.256100000008,112.34,6178.939
50.255500000002,80.256200000008,112.44,6179.023
50.255700000002,80.256300000008,112.49,6179.09
50.255900000002,80.256400000008,112.58,6179.15
50.256000000002,80.256500000008,112.63,6179.224
50.256200000002,80.256600000008,112.72,6179.237
50.256400000002,80.256800000008,112.78,6179.251
50.256500000002,80.256900000008,112.88,6179.281
50.256600000002,80.257000000009,112.92,6179.343
50.256700000002,80.257100000009,112.97,6179.424
50.256800000002,80.257300000009,113.02,6179.453
50.256900000002,80.257400000009,113.11,6179.497
50.257100000002,80.257500000009,113.13,6179.515
50.257300000002,80.257700000009,113.16,6179.582
50.257500000002,80.257900000009,113.25,6179.671
50.257600000002,80.258100000009,113.27,6179.702
50.257800000002,80.258300000009,113.37,6179.719
50.258000000002,80.258400000009,113.47,6179.739
50.258100000002,80.258500000009,113.52,6179.793
50.258300000002,80.258600000009,113.62,6179.819
50.258500000002,80.258700000009,113.67,6179.861
50.258600000002,80.258900000009,113.68,6179.959
50.258800000002,80.259100000009,113.77,6180.039
50.259000000002,80.259200000009,113.78,6180.103
50.259200000002,80.259300000009,113.86,6180.145
50.259300000002,80.259500000009,113.93,6180.206
50.259400000002,80.259600000009,113.95,6180.297
50.259500000002,80.259700000009,113.97,6180.312
50.259600000003,80.259900000009,114.03,6180.351
50.259700000003,80.260100000009,114.07,6180.436
50.259900000003,80.260200000009,114.14,6180.458
50.260000000003,80.260400000009,114.23,6180.543
50.260200000003,80.260600000009,114.26,6180.555
50.260300000003,80.260800000009,114.34,6180.616
50.260500000003,80.261000000009,114.4,6180.661
50.260700000003,80.261200000009,114.46,6180.686
50.260800000003,80.261300000009,114.53,6180.741
50.261000000003,80.261500000009,114.57,6180.777
50.261100000003,80.261600000009,114.63,6180.824
50.261300000003,80.261700000009,114.67,6180.872
50.261400000003,80.261900000009,114.73,6180.919
50.261500000003,80.262000000009,114.74,6180.962
50.261600000003,80.262200000009,114.83,6180.982
50.261700000003,80.262300000009,114.88,6181.031
50.261900000003,80.262400000009,114.89,6181.074
50.262000000003,80.262500000009,114.97,6181.101
50.262100000003,80.262600000009,115.05,6181.118
50.262300000003,80.262700000009,115.12,6181.201
50.262500000003,80.262800000009,115.15,6181.207
50.262700000003,80.262900000009,115.2,6181.282
50.262900000003,80.263000000009,115.3,6181.302
50.263100000003,80.263100000009,115.37,6181.346
50.263200000003,80.263300000009,115.46,6181.398
50.263300000003,80.263500000009,115.54,6181.453
50.263500000003,80.263700000009,115.62,6181.529
50.263700000003,80.263800000009,115.68,6181.545
50.263900000003,80.264000000009,115.71,6181.557
50.264000000003,80.264200000009,115.8,6181.577
50.264100000003,80.264400000009,115.84,6181.665
50.264200000003,80.264500000009,115.88,6181.73
50.264400000003,80.264600000009,115.9,6181.821
50.264600000003,80.264800000009,115.95,6181.904
50.264700000003,80.264900000009,116.01,6181.905
50.264900000003,80.265000000009,116.03,6181.913
50.265000000003,80.265100000009,116.05,6181.944
50.265100000003,80.265200000009,116.1,6181.959
50.265300000003,80.265400000009,116.11,6181.966
50.265500000003,80.265500000009,116.19,6182.04
50.265700000003,80.265700000009,116.26,6182.075
50.265900000003,80.265800000009,116.28,6182.101
50.266000000003,80.266000000009,116.31,6182.178
50.266200000003,80.266100000009,116.4,6182.276
50.266400000003,80.266200000009,116.43,6182.365
50.266500000003,80.266400000009,116.44,6182.462
50.266700000003,80.266500000009,116.45,6182.523
50.266800000003,80.266700000009,116.49,6182.614
50.267000000003,80.266900000009,116.52,6182.654
50.267100000003,80.267000000009,116.59,6182.688
50.267200000003,80.267200000009,116.61,6182.699
50.267300000003,80.267400000009,116.62,6182.714
50.267500000003,80.267500000009,116.63,6182.722
50.267600000003,80.267600000009,116.64,6182.8
50.267700000003,80.267700000009,116.68,6182.851
50.267900000003,80.267900000009,116.73,6182.892
50.268100000003,80.268100000009,116.82,6182.973
50.268200000003,80.268200000009,116.84,6183.001
50.268300000003,80.268300000009,116.88,6183.072
50.268400000003,80.268400000009,116.97,6183.088
50.268600000003,80.268600000009,117,6183.182
50.268800000003,80.268700000009,117.08,6183.188
50.268900000003,80.268800000009,117.14,6183.202
50.269100000003,80.269000000009,117.2,6183.258
50.269300000003,80.269100000009,117.24,6183.331
50.269500000003,80.269200000009,117.25,6183.348
50.269700000003,80.269300000009,117.34,6183.44
50.269900000003,80.269500000009,117.35,6183.505
50.270100000003,80.269600000009,117.41,6183.559
50.270300000003,80.269700000009,117.47,6183.649
50.270400000003,80.269800000009,117.48,6183.672
50.270500000003,80.270000000009,117.56,6183.746
50.270700000003,80.270100000009,117.61,6183.818
50.270900000003,80.270200000009,117.7,6183.856
50.271100000003,80.270400000009,117.73,6183.926
50.271200000003,80.270500000009,117.77,6183.932
50.271400000003,80.270700000009,117.83,6183.954
50.271500000003,80.270800000009,117.85,6184.014
50.271600000003,80.270900000009,117.94,6184.056
50.271800000003,80.271100000009,117.96,6184.12
50.272000000003,80.271300000009,118,6184.158
50.272100000003,80.271400000009,118.08,6184.252
50.272300000003,80.271500000009,118.15,6184.295
50.272400000003,80.271700000009,118.2,6184.301
50.272600000003,80.271800000009,118.23,6184.311
50.272700000003,80.271900000009,118.3,6184.368
50.272900000003,80.272100000009,118.4,6184.392
50.273000000003,80.272200000009,118.49,6184.477
50.273200000003,80.272300000009,118.52,6184.56
50.273300000003,80.272500000009,118.6,6184.6
50.273400000003,80.272600000009,118.69,6184.641
50.273500000003,80.272700000009,118.74,6184.667
50.273600000003,80.272900000009,118.78,6184.731
50.273700000003,80.273000000009,118.81,6184.795
50.273900000003,80.273100000009,118.9,6184.863
50.274000000003,80.273300000009,118.96,6184.87
50.274200000003,80.273500000009,119.05,6184.909
50.274400000003,80.273700000009,119.13,6184.981
50.274500000003,80.273900000009,119.15,6185.024
50.274700000003,80.274100000009,119.22,6185.053
50.274800000003,80.274200000009,119.32,6185.094
50.274900000003,80.274300000009,119.33,6185.16
50.275000000003,80.274500000009,119.37,6185.225
50.275200000003,80.274700000009,119.45,6185.287
50.275400000003,80.274900000009,119.55,6185.318
50.275500000003,80.275100000009,119.56,6185.351
50.275600000003,80.275200000009,119.64,6185.38
50.275800000003,80.275300000009,119.7,6185.48
50.275900000003,80.275500000009,119.75,6185.536
50.276100000003,80.275600000009,119.78,6185.632
50.276200000003,80.275800000009,119.84,6185.634
50.276300000003,80.275900000009,119.91,6185.732
50.276500000003,80.276100000009,119.94,6185.75
50.276600000003,80.276200000009,119.99,6185.829
50.276700000003,80.276300000009,120,6185.841
50.276900000003,80.276500000009,120.02,6185.855
50.277000000003,80.276700000009,120.09,6185.934
50.277200000003,80.276900000009,120.17,6185.966
50.277300000003,80.277000000009,120.21,6186.045
50.277500000003,80.277200000009,120.29,6186.098
50.277700000003,80.277300000009,120.37,6186.197
50.277800000003,80.277400000009,120.45,6186.271
50.277900000003,80.277600000009,120.54,6186.283
50.278000000003,80.277800000009,120.57,6186.348
50.278100000003,80.278000000009,120.62,6186.392
50.278300000003,80.278100000009,120.7,6186.415
50.278400000003,80.278200000009,120.71,6186.426
50.278500000003,80.278400000009,120.78,6186.49
50.278700000003,80.278500000009,120.85,6186.504
50.278900000003,80.278600000009,120.94,6186.602
50.279000000003,80.278800000009,120.95,6186.676
50.279200000003,80.278900000009,120.99,6186.693
50.279300000003,80.279100000009,121.06,6186.701
50.279500000003,80.279200000009,121.09,6186.747
50.279600000003,80.279300000009,121.15,6186.798
50.279700000003,80.279400000009,121.17,6186.888
50.279900000003,80.279600000009,121.18,6186.896
50.280000000003,80.279800000009,121.19,6186.934
50.280200000003,80.279900000009,121.21,6186.965
50.280300000003,80.280000000009,121.26,6187.04
50.280400000003,80.280100000009,121.35,6187.067
50.280500000003,80.280200000009,121.43,6187.155
50.280600000003,80.280300000009,121.47,6187.207
50.280700000003,80.280500000009,121.52,6187.209
50.280800000003,80.280600000009,121.53,6187.249
50.280900000003,80.280700000009,121.61,6187.345
50.281000000003,80.280900000009,121.64,6187.424
50.281100000003,80.281100000009,121.7,6187.489
50.281300000003,80.281200000009,121.8,6187.511
50.281400000003,80.281400000009,121.81,6187.603
50.281600000003,80.281500000009,121.86,6187.641
50.281800000003,80.281700000009,121.9,6187.666
50.281900000003,80.281800000009,121.97,6187.727
50.282100000003,80.281900000009,122.03,6187.822
50.282200000003,80.282100000009,122.11,6187.885
50.282400000003,80.282200000009,122.14,6187.918
50.282600000003,80.282300000009,122.2,6187.929
50.282800000003,80.282500000009,122.21,6187.999
50.282900000003,80.282600000009,122.22,6188.008
50.283000000003,80.282700000009,122.26,6188.066
50.283200000003,80.282900000009,122.28,6188.125
50.283300000003,80.283100000009,122.34,6188.189
50.283500000003,80.283200000009,122.37,6188.199
50.283700000003,80.283400000009,122.42,6188.215
50.283900000003,80.283600000009,122.45,6188.267
50.284100000003,80.283700000009,122.48,6188.337
50.284300000003,80.283800000009,122.56,6188.341
50.284500000003,80.283900000009,122.63,6188.41
50.284600000003,80.284100000009,122.66,6188.455
50.284800000003,80.284300000009,122.67,6188.464
50.284900000003,80.284400000009,122.69,6188.522
50.285100000003,80.284600000009,122.77,6188.582
50.285300000003,80.284800000009,122.79,6188.598
50.285400000003,80.284900000009,122.88,6188.6
50.285600000003,80.285100000009,122.89,6188.636
50.285800000003,80.285300000009,122.9,6188.718
50.285900000003,80.285400000009,122.93,6188.815
50.286000000003,80.285500000009,122.94,6188.83
50.286200000003,80.285600000009,123.02,6188.887
50.286400000003,80.285700000009,123.04,6188.927
50.286500000003,80.285800000009,123.1,6188.999
50.286700000003,80.285900000009,123.18,6189.021
50.286800000003,80.286100000009,123.24,6189.098
50.286900000003,80.286300000009,123.3,6189.187
50.287100000003,80.286500000009,123.39,6189.19
50.287200000003,80.286700000009,123.41,6189.277
50.287300000003,80.286900000009,123.46,6189.374
50.287400000003,80.28710000001,123.5,6189.451
50.287600000003,80.28730000001,123.55,6189.499
50.287700000003,80.28740000001,123.62,6189.533
50.287900000003,80.28750000001,123.64,6189.577
50.288100000003,80.28770000001,123.68,6189.659
50.288300000003,80.28780000001,123.77,6189.732
50.288400000003,80.28790000001,123.83,6189.752
50.288600000003,80.28800000001,123.85,6189.775
50.288800000003,80.28820000001,123.95,6189.824
50.288900000003,80.28830000001,124.05,6189.898
50.289100000003,80.28850000001,124.06,6189.966
50.289300000003,80.28860000001,124.08,6190.047
50.289500000003,80.28870000001,124.15,6190.087
50.289700000003,80.28880000001,124.17,6190.154
50.289800000003,80.28900000001,124.26,6190.192
50.290000000003,80.28910000001,124.33,6190.227
50.290200000003,80.28930000001,124.42,6190.324
50.290300000003,80.28950000001,124.5,6190.397
50.290400000003,80.28970000001,124.55,6190.431
50.290600000003,80.28990000001,124.57,6190.512
50.290800000003,80.29010000001,124.6,6190.566
50.290900000003,80.29020000001,124.63,6190.637
50.291000000003,80.29030000001,124.64,6190.715
50.291100000003,80.29050000001,124.66,6190.777
50.291200000003,80.29070000001,124.72,6190.811
50.291400000003,80.29080000001,124.73,6190.826
50.291500000003,80.29090000001,124.78,6190.926
50.291700000003,80.29110000001,124.87,6191.019
50.291800000003,80.29120000001,124.92,6191.08
50.291900000003,80.29140000001,124.96,6191.118
50.292100000003,80.29150000001,124.98,6191.198
50.292200000003,80.29160000001,125.03,6191.236
50.292300000003,80.29180000001,125.11,6191.33
50.292400000003,80.29200000001,125.12,6191.362
50.292500000003,80.29220000001,125.16,6191.385
50.292600000003,80.29230000001,125.18,6191.444
50.292700000003,80.29250000001,125.2,6191.491
50.292800000003,80.29270000001,125.29,6191.59
50.293000000003,80.29290000001,125.37,6191.591
50.293100000003,80.29300000001,125.41,6191.639
50.293200000003,80.29310000001,125.46,6191.683
50.293400000003,80.29330000001,125.54,6191.694
50.293500000003,80.29340000001,125.58,6191.723
50.293600000003,80.29350000001,125.67,6191.752
50.293700000003,80.29360000001,125.75,6191.787
50.293900000003,80.29380000001,125.79,6191.835
50.294100000003,80.29390000001,125.84,6191.92
50.294200000003,80.29410000001,125.88,6191.969
50.294400000003,80.29430000001,125.98,6192.051
50.294500000003,80.29450000001,126.08,6192.084
50.294700000003,80.29460000001,126.15,6192.173
50.294900000003,80.29470000001,126.17,6192.254
50.295100000003,80.29490000001,126.19,6192.265
50.295300000003,80.29500000001,126.25,6192.274
50.295500000003,80.29510000001,126.35,6192.366
50.295700000003,80.29520000001,126.4,6192.453
50.295900000003,80.29530000001,126.47,6192.476
50.296100000003,80.29550000001,126.53,6192.549
50.296300000003,80.29560000001,126.6,6192.607
50.296500000003,80.29580000001,126.64,6192.623
50.296700000003,80.29600000001,126.67,6192.645
50.296800000003,80.29620000001,126.71,6192.709
50.297000000003,80.29630000001,126.77,6192.791
50.297100000003,80.29650000001,126.84,6192.839
50.297200000003,80.29660000001,126.91,6192.867
50.297400000003,80.29670000001,126.92,6192.95
50.297500000003,80.29690000001,126.96,6192.952
50.297600000003,80.29710000001,126.98,6192.963
50.297700000003,80.29720000001,127.02,6192.998
50.297800000003,80.29740000001,127.12,6193.014
50.298000000003,80.29760000001,127.22,6193.05
50.298100000003,80.29780000001,127.31,6193.129
50.298200000003,80.29800000001,127.32,6193.13
50.298400000003,80.29810000001,127.41,6193.145
50.298600000003,80.29820000001,127.43,6193.152
50.298700000003,80.29830000001,127.45,6193.185
50.298900000003,80.29840000001,127.52,6193.186
50.299000000003,80.29860000001,127.54,6193.284
50.299100000003,80.29870000001,127.58,6193.353
50.299300000003,80.29880000001,127.63,6193.435
50.299500000003,80.29900000001,127.72,6193.478
50.299700000003,80.29920000001,127.78,6193.504
50.299900000003,80.29940000001,127.82,6193.591
50.300000000003,80.29950000001,127.84,6193.673
50.300200000003,80.29970000001,127.93,6193.683
50.300300000003,80.29990000001,127.94,6193.752
50.300400000003,80.30000000001,127.98,6193.842
50.300600000003,80.30020000001,128.06,6193.864
50.300700000003,80.30040000001,128.13,6193.957
50.300800000003,80.30050000001,128.15,6193.96
